episode,mean_reward,std_reward,success_rate,n_robots,robot_0_reward,robot_0_success,robot_1_reward,robot_1_success,robot_2_reward,robot_2_success,robot_3_reward,robot_3_success,robot_4_reward,robot_4_success
1,-18.220810906689437,11.352795178050377,0.4,5,-26.735333995416354,0.0,-24.99179596632073,0.0,0.05332770536813314,1.0,-10.028115463655041,1.0,-29.402136813423194,0.0
2,-18.504319124845175,14.26406652386166,0.2,5,-25.570028580761075,0.0,-26.010929931952578,0.0,9.985790305584825,1.0,-24.34389470824404,0.0,-26.58253270885301,0.0
3,-19.68530849882523,13.92043185007735,0.2,5,-26.458494339777697,0.0,-28.410244475196038,0.0,-26.718065937189145,0.0,-24.906403119139274,0.0,8.066665377176015,1.0
4,-11.77542162019422,13.836836670596192,0.6,5,-11.179894443229047,1.0,-27.81519474614802,0.0,10.524889447236182,1.0,-24.66005458693175,0.0,-5.746853771898465,1.0
5,-26.681969033916555,1.9258460027928315,0.0,5,-29.178677314038644,0.0,-26.756919069638208,0.0,-24.365249715308273,0.0,-28.412665168539345,0.0,-24.69633390205832,0.0
6,-18.67652658410847,8.843449117130252,0.4,5,-25.970968037755274,0.0,-26.505637809946965,0.0,-7.124573208373077,1.0,-25.158233059860216,0.0,-8.623220804606811,1.0
7,-27.42519798742732,1.781362775387615,0.0,5,-27.405372198505855,0.0,-26.3531308304892,0.0,-24.873144309317603,0.0,-30.13159036345051,0.0,-28.362752235373435,0.0
8,-21.130916854250987,8.446290507034176,0.2,5,-25.473344654666036,0.0,-25.078742544542813,0.0,-4.242861283051262,1.0,-25.641464391915733,0.0,-25.21817139707909,0.0
9,-17.55574004859855,11.193100749121129,0.4,5,-28.25768766928011,0.0,-25.013749376322618,0.0,-24.998887560285386,0.0,-10.800426815388123,1.0,1.2920511782834758,1.0
10,-27.30766316431065,2.06583145822322,0.0,5,-29.67212654200559,0.0,-28.03718172183951,0.0,-25.38114761821671,0.0,-24.397724621494174,0.0,-29.050135317997277,0.0
11,-21.511639138582034,10.980132776671331,0.2,5,-27.64607740251438,0.0,0.33333072443084255,1.0,-27.15031730053228,0.0,-28.200855092754637,0.0,-24.89427662153972,0.0
12,-27.114634397844668,1.9489981709803446,0.0,5,-27.779836298014942,0.0,-24.857975614973256,0.0,-27.679094833744962,0.0,-30.139306698002343,0.0,-25.116958544487836,0.0
13,-20.523880512894145,10.64915990986337,0.2,5,-26.25259583242892,0.0,-24.521568532171578,0.0,0.6555958492226495,1.0,-27.676370285600566,0.0,-24.8244637634923,0.0
14,-12.287943130037789,18.229232079990744,0.4,5,9.836248592342343,1.0,10.172041316086903,1.0,-25.38487915034029,0.0,-27.61872470857287,0.0,-28.444401699705033,0.0
15,-19.59867967664289,8.713778850630598,0.4,5,-7.883065895372237,1.0,-29.23425132559747,0.0,-24.91072327621848,0.0,-10.363324046813794,1.0,-25.602033839212467,0.0
16,-18.697994197412363,14.525423405345393,0.2,5,-25.275639287328445,0.0,-25.894362106756045,0.0,-26.510806672678097,0.0,10.341663957740757,1.0,-26.15082687803998,0.0
17,-26.999231924440938,2.0411529623553397,0.0,5,-25.49978931882529,0.0,-26.509153386911585,0.0,-28.735931113576115,0.0,-24.36023710532659,0.0,-29.891048697565125,0.0
18,-16.639299067673456,11.572431601360456,0.4,5,0.9560679785330954,1.0,-26.344369719221458,0.0,-6.548078492135101,1.0,-26.707164562231146,0.0,-24.552950543312676,0.0
19,-23.076018547651643,5.795833944806261,0.2,5,-11.522952951453894,1.0,-25.884085920222777,0.0,-26.285595999889217,0.0,-26.543035575607405,0.0,-25.14442229108493,0.0
20,-6.923036405252802,15.8443553470093,0.6,5,-26.062337888358908,0.0,8.853640131071703,1.0,-25.588224130528125,0.0,9.040622431713803,1.0,-0.8588825701624803,1.0
21,-19.491736421691392,15.271381217301355,0.2,5,10.633700206550603,1.0,-29.85167927246536,0.0,-29.78649952255629,0.0,-23.793767922235713,0.0,-24.6604355977502,0.0
22,-12.694162054605027,13.29443650243761,0.6,5,-0.7439143478514136,1.0,-27.42035764638181,0.0,-14.514086703004144,1.0,5.575120505219745,1.0,-26.367572081007502,0.0
23,-26.70172972689386,0.6587989202765628,0.0,5,-27.823331980591085,0.0,-26.123080762542656,0.0,-26.92489081301332,0.0,-25.976629150949215,0.0,-26.660715927373005,0.0
24,-27.367326041098657,1.4889769281259997,0.0,5,-29.86391022785981,0.0,-26.47733747331652,0.0,-27.33128119956462,0.0,-27.770670673076907,0.0,-25.39343063167544,0.0
25,-17.96063535798776,10.759319681242303,0.4,5,-25.98175052881227,0.0,-1.0591983143682935,1.0,-27.284573504027616,0.0,-26.158557533039648,0.0,-9.31909690969096,1.0
26,-23.077578148813302,7.881393098302293,0.2,5,-27.965583737864076,0.0,-25.53510088829937,0.0,-27.501738078447584,0.0,-26.985940779158103,0.0,-7.399527260297377,1.0
27,-25.07581551288666,5.413401953389297,0.2,5,-24.761801378291896,0.0,-24.70420302976205,0.0,-29.25239050276546,0.0,-15.496097141314841,1.0,-31.164585512299038,0.0
28,-25.785857655623317,1.1339376123251255,0.0,5,-26.202929786948953,0.0,-26.631664121915392,0.0,-25.81959979392548,0.0,-23.60490518923137,0.0,-26.670189386095384,0.0
29,-18.456433885169965,10.393491898412496,0.4,5,-29.025972953036636,0.0,-3.0911358344113875,1.0,-26.053530000811925,0.0,-25.138964396513526,0.0,-8.97256624107634,1.0
30,-10.354698617315076,12.692625091709838,0.6,5,-26.033990291262118,0.0,-25.32482703417553,0.0,-2.8983424400239066,1.0,-1.104693038914748,1.0,3.5883597178009126,1.0
31,-16.18071223679259,10.579365204130822,0.4,5,-0.6482256040163161,1.0,-24.14865487843386,0.0,-6.177161894348384,1.0,-25.453942888292502,0.0,-24.475575918871883,0.0
32,-23.95735902924723,8.029848222348543,0.2,5,-27.85619660613132,0.0,-28.987840574817962,0.0,-29.3794838933782,0.0,-8.135706691386517,1.0,-25.427567380522138,0.0
33,-18.273594492481788,10.511525341492959,0.4,5,-11.966024468429257,1.0,-25.33954486367858,0.0,-27.879637966650353,0.0,-0.5064507392172022,1.0,-25.67631442443355,0.0
34,-27.3182366788349,1.1954748356302045,0.0,5,-27.103946523109855,0.0,-27.730965634382503,0.0,-29.21196368808567,0.0,-25.512300472784176,0.0,-27.032007075812274,0.0
35,-21.53695674147036,10.683568301080706,0.2,5,-27.439344394438077,0.0,-0.2551645381802814,1.0,-28.311787112227616,0.0,-25.732886248063032,0.0,-25.945601414442795,0.0
36,-27.134482498485077,0.84861114401748,0.0,5,-26.169782373017465,0.0,-27.855984657987708,0.0,-28.4066889879058,0.0,-26.64785338799131,0.0,-26.59210308552313,0.0
37,-24.70828871298203,7.943647547349488,0.2,5,-26.407183478999766,0.0,-31.38670939155994,0.0,-9.229160497276164,1.0,-29.523879438656177,0.0,-26.99451075841808,0.0
38,-15.951891990616648,15.165445192778307,0.4,5,-29.319966069362327,0.0,5.952345835982202,1.0,-27.745129087204834,0.0,-27.496583764904265,0.0,-1.1501268675940128,1.0
39,-14.70879663240286,13.094718423022108,0.4,5,1.1830199954508789,1.0,-25.831650972185887,0.0,1.4452512686675352,1.0,-25.96121487526662,0.0,-24.37938857868021,0.0
40,-9.616058555172756,15.159564939273428,0.6,5,-8.088021926157658,1.0,-26.6911800494534,0.0,2.8887793304221283,1.0,-26.725135974996416,0.0,10.535265844321565,1.0
41,-23.34424124756939,3.919131839577129,0.2,5,-25.371316372463532,0.0,-24.233259648976862,0.0,-15.708513110096051,1.0,-26.812382733854037,0.0,-24.59573437245646,0.0
42,-11.647804384561923,17.23579342641816,0.4,5,-26.717539467655296,0.0,10.610173093069818,1.0,-22.534910951987527,0.0,8.054897862082091,1.0,-27.651642458318697,0.0
43,-13.647428861489939,14.129877783373686,0.4,5,8.226482891566267,1.0,-1.796306709265174,1.0,-25.193503378752624,0.0,-24.943261035588787,0.0,-24.53055607540938,0.0
44,-12.677001743696033,13.32183010112533,0.6,5,0.16120447019867434,1.0,-29.49538884699753,0.0,4.011003737906773,1.0,-12.688825551675729,1.0,-25.373002527912355,0.0
45,-23.394685321889234,14.235859526124253,0.4,5,-23.483214370485896,1.0,3.9753020159756565,1.0,-29.37260143681068,0.0,-34.917806598785404,0.0,-33.17510621933984,0.0
46,-21.90746965347098,14.719390395887613,0.2,5,-26.198971855010655,0.0,7.164982129893339,1.0,-33.324867405141774,0.0,-28.46967527035906,0.0,-28.70881586673675,0.0
47,-12.837151726361412,18.441521743792226,0.6,5,1.2158773491592463,1.0,-42.93452457919963,0.0,-25.214464279985883,0.0,5.846706840661624,1.0,-3.099353962442425,1.0
48,-22.19174224322257,12.125594624079957,0.2,5,-27.86507057760713,0.0,1.8616390754746934,1.0,-27.454388222108076,0.0,-31.06018509412066,0.0,-26.44070639775169,0.0
49,-8.962981642278335,13.94400215794654,0.6,5,6.218496062026906,1.0,8.10596503076692,1.0,-22.944816935255858,0.0,-11.464502128169762,1.0,-24.73005024075988,0.0
50,-11.173794914735911,11.778316756727149,0.6,5,-2.3155257531857423,1.0,-25.36416715499559,0.0,-25.33145207756231,0.0,1.9947891781204437,1.0,-4.852618766056352,1.0
51,-21.286338172606854,12.860569922168011,0.2,5,-30.551373020479208,0.0,4.221975142580439,1.0,-27.80522026049203,0.0,-26.731034666580523,0.0,-25.566038058062926,0.0
52,-18.974303081125356,10.817409395058059,0.4,5,-24.903594159612908,0.0,-28.157714195609294,0.0,-16.382865098097074,1.0,-26.506488276888735,0.0,1.0791463245812327,1.0
53,-18.560530863598977,13.5519368824313,0.2,5,-26.283149092800425,0.0,-24.880279495894115,0.0,-23.939273238912524,0.0,-26.187454431244618,0.0,8.487501940856799,1.0
54,-17.99572232195257,9.197146830535658,0.4,5,-24.705391706023708,0.0,-3.635478208890344,1.0,-25.27822400048682,0.0,-25.880366138128576,0.0,-10.479151556233408,1.0
55,-13.166883870252354,10.284390491920485,0.6,5,-0.7098894726265339,1.0,-3.9611649437320082,1.0,-10.990365981635328,1.0,-24.964503477344568,0.0,-25.20849547592333,0.0
56,-22.458018428937905,14.709564148847537,0.2,5,-30.507857874957313,0.0,6.786312956230095,1.0,-27.754460476348825,0.0,-32.330485657722896,0.0,-28.483601091890574,0.0
57,-14.954874733910984,14.854443371682255,0.4,5,-26.51321500509787,0.0,-25.989244545863173,0.0,9.623847769447547,1.0,-4.951650456317747,1.0,-26.944111431723666,0.0
58,-21.673347082327677,8.999630679438303,0.2,5,-28.121620768098488,0.0,-3.9847669426556234,1.0,-27.771595547995858,0.0,-24.45843964297376,0.0,-24.030312509914655,0.0
59,-18.834579837180012,13.654025746603836,0.4,5,-11.252267852704094,1.0,-31.558662353175407,0.0,-30.15779170742181,0.0,-25.585503045860307,0.0,4.3813257732615565,1.0
60,-12.306461451318029,15.932755584546715,0.4,5,-25.950711537630223,0.0,-24.719570587874685,0.0,6.2510295761327495,1.0,8.124422544738945,1.0,-25.237477251956932,0.0
61,-18.4596333183572,13.608995513733648,0.2,5,-26.000374842215027,0.0,8.744311172340236,1.0,-24.83628738461538,0.0,-25.40166181216385,0.0,-24.804153725131957,0.0
62,-22.979004531260774,12.865797052052407,0.2,5,2.424730829106614,1.0,-31.742001519560773,0.0,-25.567742316784873,0.0,-29.814139843249368,0.0,-30.195869805815462,0.0
63,-18.969455701149087,14.950023123046357,0.2,5,-24.961197647827504,0.0,-26.591196271302767,0.0,-27.830017682423666,0.0,10.875,1.0,-26.3398669041915,0.0
64,-16.45319110267707,13.121487177319896,0.4,5,-26.379253864779283,0.0,-9.410476905707542,1.0,-24.837514825203773,0.0,6.194807962529273,1.0,-27.833517880224033,0.0
65,-10.759733050375624,14.642950814788287,0.6,5,-14.639656148173541,1.0,6.22776629422719,1.0,-25.776751847692676,0.0,-26.253678386854542,0.0,6.64365483661545,1.0
66,-11.597747213458712,13.284348521806596,0.6,5,-30.59522058264821,0.0,0.7617870570107872,1.0,-24.69765310968635,0.0,-2.8032313977962158,1.0,-0.6544180341735668,1.0
67,-22.829746439759976,7.721117202521177,0.2,5,-26.03023750190714,0.0,-27.189791233704895,0.0,-25.21915751138088,0.0,-7.51999882670421,1.0,-28.189547125102756,0.0
68,-21.00896187772691,11.80390851870126,0.2,5,-24.707595565229212,0.0,-29.62889377282976,0.0,2.3679185979142527,1.0,-27.26491353501517,0.0,-25.811325113474684,0.0
69,-12.529928706821568,16.39031792152667,0.4,5,-25.19776104031327,0.0,7.761098591549296,1.0,-25.735871624871887,0.0,7.305980717845021,1.0,-26.783090178317003,0.0
70,-20.799474237615442,12.419532025398869,0.2,5,-29.350972431077686,0.0,-24.97894563470103,0.0,-25.13481602149373,0.0,3.799220590725465,1.0,-28.33185769153023,0.0
71,-3.180302702637192,11.802626003260395,0.8,5,-2.8708934124964642,1.0,-1.2078246799431032,1.0,10.020643797756463,1.0,-25.035532688201332,0.0,3.1920934696984764,1.0
72,-6.937445523103096,15.590203416604155,0.6,5,4.951467055393587,1.0,1.593159932252604,1.0,10.228215849603266,1.0,-26.023254638573167,0.0,-25.43681581419177,0.0
73,-8.427610174977161,15.377688857484964,0.6,5,7.885220329568597,1.0,-26.100253663841464,0.0,-3.4367675336223176,1.0,-27.161090418663374,0.0,6.674840411672746,1.0
74,1.515220134214053,7.709178886975778,1.0,5,3.839900202976997,1.0,3.934789746947941,1.0,2.834078684204333,1.0,-13.044098561788564,1.0,10.011430598729557,1.0
75,-16.104280227366907,13.604103020006367,0.4,5,-26.264929017333703,0.0,-26.180740838386505,0.0,-25.0682057487527,0.0,-11.84499266388873,1.0,8.83746713152712,1.0
76,-17.42130008064262,11.294638226988685,0.4,5,-27.041397749617655,0.0,-11.519765296212347,1.0,-24.750241532204313,0.0,2.16895152031406,1.0,-25.96404734549285,0.0
77,-15.629203189477835,13.874882772471622,0.4,5,-3.5252787259357525,1.0,-24.783189202021216,0.0,5.425594621744841,1.0,-28.280886356340286,0.0,-26.982256284836758,0.0
78,-9.526598414776576,14.30450221781265,0.6,5,-25.580226731212885,0.0,7.55842651689218,1.0,-6.718772396056568,1.0,3.6902224319223516,1.0,-26.58264189542795,0.0
79,-28.75505137211395,5.753502770017173,0.2,5,-35.54464039693626,0.0,-29.971587038211883,0.0,-18.301073336856323,1.0,-28.297632941283307,0.0,-31.660323147281982,0.0
80,-27.485024593755362,1.8243200219581626,0.0,5,-28.962292989199426,0.0,-27.30922333784722,0.0,-30.034409907722193,0.0,-25.05284796965015,0.0,-26.06634876435782,0.0
81,-6.618182270966223,11.232404843186247,0.8,5,5.694815502045292,1.0,-6.460908878504679,1.0,1.5619047849319383,1.0,-6.96670181668579,1.0,-26.920020946617875,0.0
82,-4.62812672904964,6.56836339351929,1.0,5,0.256415497588776,1.0,-2.165961373955385,1.0,3.3310951213640028,1.0,-10.651516808606015,1.0,-13.91066608163958,1.0
83,-8.424150553255853,9.149435481810094,0.8,5,-6.994347777755317,1.0,-2.08377805369442,1.0,1.8365046604527286,1.0,-10.074794270397058,1.0,-24.804337324885196,0.0
84,-10.312238457290666,15.26886692939379,0.6,5,-22.805994160256038,0.0,-26.666843610117578,0.0,10.44243447688046,1.0,5.537446360210108,1.0,-18.068235353170284,1.0
85,-6.566970414517627,11.47421622822622,0.8,5,-1.8083732243627058,1.0,-27.423824008744916,0.0,-1.4917964982337608,1.0,-8.60936976955731,1.0,6.498511428310557,1.0
86,-21.547231242028232,11.096421827316691,0.2,5,-28.352363028114397,0.0,-24.6628752331249,0.0,0.42426013414990216,1.0,-26.10979646804019,0.0,-29.035381615011573,0.0
87,-24.6569002204572,4.462805763799133,0.2,5,-27.960694228940383,0.0,-28.252236003144372,0.0,-24.804037983339548,0.0,-16.089210494523172,1.0,-26.178322392338533,0.0
88,-26.574717886696924,2.478130943977419,0.0,5,-29.425732723277264,0.0,-25.898944799381844,0.0,-25.466416643922276,0.0,-22.85352137900156,0.0,-29.228973887901684,0.0
89,-6.347036761631869,11.00089547129964,0.8,5,-7.03635240266925,1.0,-26.301888655773833,0.0,-4.226384548611108,1.0,6.811499051233397,1.0,-0.9820572523385529,1.0
90,-17.779310025307687,13.459930469999295,0.4,5,-29.31588218982729,0.0,-25.461015728178648,0.0,-27.691859631424414,0.0,-12.991072443611285,1.0,6.5632798665032,1.0
91,-12.269594233046693,11.435887597398734,0.6,5,-7.059508648689482,1.0,-25.46826420332794,0.0,4.267068645352977,1.0,-24.986136153561738,0.0,-8.101130805007289,1.0
92,-9.13304708651028,14.058566124507935,0.6,5,-0.5667414191964557,1.0,8.006487274024737,1.0,-1.3563368587525932,1.0,-26.03767570812014,0.0,-25.710968720506948,0.0
93,-13.37526660270974,15.625019327820738,0.6,5,-32.13848096224311,0.0,-32.717817473926296,0.0,0.04687741162903869,1.0,-3.237898049444315,1.0,1.1709860604359612,1.0
94,-19.674133484069777,11.46997823457988,0.2,5,-26.229771692365677,0.0,3.2388937849643638,1.0,-25.348545193483776,0.0,-24.48796613222844,0.0,-25.54327818723538,0.0
95,-8.177878939497159,13.257986346676708,0.8,5,-14.177071220231408,1.0,7.007991047237601,1.0,7.971231946726627,1.0,-16.93903672301957,1.0,-24.752509748199053,0.0
96,-22.421019498186848,9.502922172336953,0.4,5,-10.965771792782858,1.0,-10.87098013501311,1.0,-29.834568164309005,0.0,-32.496108166049524,0.0,-27.937669232779736,0.0
97,-7.95605723856653,10.698815400781067,0.8,5,-5.751153324765408,1.0,1.443026748356246,1.0,-11.954021132879287,1.0,2.975403228329217,1.0,-26.49354171187342,0.0
98,-5.041445643486773,12.411118203774341,0.8,5,-28.56311912943871,0.0,4.784911389862286,1.0,5.732561186186184,1.0,-3.5232969568687302,1.0,-3.6382847071748987,1.0
99,-14.900324574527573,13.744181371893372,0.4,5,-26.25669691340382,0.0,-26.727125311966354,0.0,0.18699032148517247,1.0,3.5572136172959006,1.0,-25.262004586048764,0.0
100,-14.46762951380639,11.061749624206008,0.6,5,-1.5254965895327377,1.0,-27.59174386128242,0.0,-6.680717245139007,1.0,-8.717167310783543,1.0,-27.82302256229424,0.0
101,-11.496400201866148,7.879941280986186,0.8,5,-10.41374169741695,1.0,-2.0729522398267406,1.0,-7.3793054093276105,1.0,-11.857303925073285,1.0,-25.75869773768616,0.0
102,-17.240049685271867,11.752131571283957,0.4,5,-26.187363708645897,0.0,-3.2371981507727643,1.0,-2.6345034988337233,1.0,-29.048926380368098,0.0,-25.092256687738857,0.0
103,-3.5920889090739463,11.987949336094175,0.8,5,5.96068893745447,1.0,-7.901364270318247,1.0,3.1329791004472467,1.0,-25.25883805923125,0.0,6.106089746278045,1.0
104,-10.998833863122009,14.135031933395235,0.6,5,5.229080893210059,1.0,-27.535002153713616,0.0,-0.9480466998414165,1.0,-3.3455496605481567,1.0,-28.394651694716913,0.0
105,-3.9997787617609206,12.101126862109222,0.8,5,-0.5410289763113365,1.0,1.1811376047996305,1.0,10.091887804878048,1.0,-4.492319949811794,1.0,-26.23857029235915,0.0
106,-20.53417070972069,15.774980148915407,0.2,5,-30.690188994074774,0.0,-26.642476632626256,0.0,-29.24120675602904,0.0,10.875,1.0,-26.971981165873384,0.0
107,-19.74171603909184,14.984994567259344,0.2,5,10.205752981009864,1.0,-28.15881642831505,0.0,-27.385478161367285,0.0,-26.364229886284775,0.0,-27.00580870050195,0.0
108,-19.50030932692176,12.25158802707396,0.4,5,-13.087723809523828,1.0,1.22092674714626,1.0,-25.288304919945546,0.0,-33.230437701918945,0.0,-27.116006950366717,0.0
109,-19.856539526631376,12.0478683164628,0.4,5,-13.19393689986282,1.0,-27.36388033828857,0.0,-26.08015921966373,0.0,0.430115817339507,1.0,-33.074836992681284,0.0
110,-5.886129359059271,7.781020284592471,1.0,5,-9.165474008429698,1.0,8.1691952011997,1.0,-3.445620608317819,1.0,-13.24312741730452,1.0,-11.745619962444016,1.0
111,-4.797460647165073,11.479715919127568,0.8,5,-2.7614066711227157,1.0,6.498423906566559,1.0,-26.757261433252598,0.0,-2.448728001751645,1.0,1.4816689637350322,1.0
112,-16.602920908100053,13.926941364279376,0.4,5,-25.304819897665258,0.0,-12.643343785905795,1.0,-26.934079851334605,0.0,-27.205356680685856,0.0,9.072995675091228,1.0
113,-28.075605323713017,5.604021854445189,0.2,5,-32.13999296112624,0.0,-17.634808682470396,1.0,-27.040534184253755,0.0,-30.56490959071471,0.0,-32.9977812,0.0
114,-16.812290507049344,12.277362361303076,0.4,5,-27.61047035522884,0.0,-0.23555377003837208,1.0,-25.4564428103546,0.0,-27.284366933742724,0.0,-3.474618665882181,1.0
115,-19.332661858850027,14.62091948210159,0.4,5,-32.74851362271992,0.0,-7.134234102841905,1.0,-30.333193073993804,0.0,3.2750855902917317,1.0,-29.722454084986254,0.0
116,-9.320390855831407,15.031756968687718,0.6,5,5.059463569412315,1.0,8.495559675785207,1.0,-6.887585490988927,1.0,-26.848486618521676,0.0,-26.42090541484395,0.0
117,-6.27093622730103,15.95397031764739,0.6,5,-25.67141717598026,0.0,10.583857851695305,1.0,-25.584353864439343,0.0,5.022466441694785,1.0,4.294765610524366,1.0
118,-18.581691690290324,12.958546022069106,0.4,5,-26.64656494156216,0.0,4.696981436919903,1.0,-27.98482336690522,0.0,-13.506425746134484,1.0,-29.467625833769663,0.0
119,-13.471585502143824,14.476821819891315,0.6,5,1.6375221612494855,1.0,0.16896015341998805,1.0,-31.465968392147698,0.0,-30.072110123249495,0.0,-7.626331309991398,1.0
120,-19.157516894543132,14.900413822431506,0.4,5,1.803453126340166,1.0,-31.808048914876863,0.0,-3.915365400657924,1.0,-30.216867545106144,0.0,-31.650755738414897,0.0
121,2.240602940890839,5.722465938292257,1.0,5,-1.7034908992121611,1.0,10.63555521721478,1.0,-3.7123169869528923,1.0,7.526864226799033,1.0,-1.5435968533945648,1.0
122,-15.073994605148162,9.54492396017928,0.6,5,-1.7888361910368626,1.0,-25.643065397003205,0.0,-25.83481322710844,0.0,-7.955412890848228,1.0,-14.147845319744066,1.0
123,-12.102688452392538,12.272505514312618,0.6,5,7.587523850451225,1.0,-23.957018966334733,0.0,-26.169761661559427,0.0,-7.04468140589568,1.0,-10.929504078624069,1.0
124,-9.056624051204496,14.947310822357522,0.6,5,9.890827489481065,1.0,-25.607466123982462,0.0,-7.6503440362892405,1.0,-26.368545800264553,0.0,4.452408215032709,1.0
125,-16.309630981723416,11.975873115816443,0.4,5,3.180796649145858,1.0,-25.355241121912183,0.0,-25.904500629074697,0.0,-7.707281845848099,1.0,-25.76192796092795,0.0
126,-5.671414471702505,3.853558373216259,1.0,5,-0.3662762553542862,1.0,-3.3532248085994816,1.0,-4.480384407731345,1.0,-10.56132539780437,1.0,-9.595861489023044,1.0
127,-2.8514851443492426,7.220556931824756,1.0,5,2.9616625433554056,1.0,-5.043683781379714,1.0,7.487588630165722,1.0,-6.852719461340273,1.0,-12.810273652547352,1.0
128,-14.957854357870128,12.405997588338623,0.6,5,-28.353259152073317,0.0,-27.46286090357519,0.0,5.2939956075121914,1.0,-10.178928858962172,1.0,-14.088218482252147,1.0
129,-16.254198661679084,13.943707468215052,0.4,5,-25.568321086926403,0.0,-27.214880567559277,0.0,-26.914225333451075,0.0,8.517178688615761,1.0,-10.090745009074428,1.0
130,-22.429623371674374,8.36758196100432,0.4,5,-17.76356188089271,1.0,-8.184369887150224,1.0,-30.668986838837835,0.0,-28.29018365488397,0.0,-27.241014596607112,0.0
131,-3.683747650969552,9.9045897878923,1.0,5,-4.8232806068446425,1.0,7.146675629890558,1.0,-14.934067978331203,1.0,-13.952160819240015,1.0,8.14409551967754,1.0
132,-11.770565730062598,15.255391261521389,0.6,5,-26.096969715930424,0.0,-30.060951905153747,0.0,-13.012383828045035,1.0,10.113834074849516,1.0,0.20364272396669492,1.0
133,-8.834158487093598,11.773814356998967,0.8,5,2.880418446342767,1.0,4.681864532449406,1.0,-27.256316015569052,0.0,-14.54554239877768,1.0,-9.931216999913435,1.0
134,-16.421607339040023,7.1228295130330155,0.8,5,-28.743084842356815,0.0,-14.988585217192734,1.0,-10.323241657851716,1.0,-19.083171898491976,1.0,-8.969953079306872,1.0
135,1.9688226828213176,5.475153336797367,1.0,5,-7.708541392151236,1.0,8.211198869233735,1.0,3.197931789274411,1.0,0.49065527458141034,1.0,5.652868873168266,1.0
136,-9.415022296606542,11.479267607856345,0.8,5,0.9946667451257323,1.0,0.9992216029213932,1.0,-30.0306931544884,0.0,-6.601770037178282,1.0,-12.436536639413157,1.0
137,-16.645375085519085,11.810350441065587,0.4,5,-25.960871444170927,0.0,-27.48493353872541,0.0,-0.4395878644268567,1.0,-25.223501382365658,0.0,-4.11798119790658,1.0
138,0.6430967311686647,5.819207589820278,1.0,5,1.0420894472743836,1.0,-2.098702594053398,1.0,7.965423625530378,1.0,5.06799290163697,1.0,-8.76131972454501,1.0
139,-3.668695982950706,12.185782554546014,0.8,5,-1.816873974299428,1.0,-6.553588253525486,1.0,7.762231604742038,1.0,-25.39019723865877,0.0,7.654947946988118,1.0
140,-13.339490320576317,15.819695182804379,0.4,5,7.917331348429053,1.0,-26.753849388730607,0.0,-25.780213331527364,0.0,4.029024299110478,1.0,-26.10974453016314,0.0
141,-8.861489148909701,14.423572580331593,0.6,5,-27.23675557498908,0.0,5.862387223974763,1.0,3.533401460182973,1.0,-1.111016775252656,1.0,-25.355462078464505,0.0
142,-4.447973158348605,13.929268144664393,0.8,5,-26.76691511642232,0.0,-13.829130930732346,1.0,7.169129892587542,1.0,0.7272739116619036,1.0,10.4597764511622,1.0
143,-16.734338300478733,9.230689178023757,0.6,5,-11.154462691782346,1.0,-4.049995345491473,1.0,-29.012587154653392,0.0,-14.012026404777302,1.0,-25.442619905689135,0.0
144,-11.365060668300055,12.746275443503558,0.6,5,-25.670599527665324,0.0,-4.765886406219904,1.0,-25.05455025535906,0.0,7.9307362797474505,1.0,-9.265003432003436,1.0
145,-4.975917821366908,5.408595411121847,1.0,5,-8.738071364586448,1.0,-5.388981624610832,1.0,-9.861397904490007,1.0,5.343388745228419,1.0,-6.234526958375666,1.0
146,-8.577082349303009,13.377262099378859,0.8,5,-29.03850371613523,0.0,-11.867908243663052,1.0,8.035145602964164,1.0,4.042798894175131,1.0,-14.056944283856055,1.0
147,-9.550142746980791,10.779306385019668,0.8,5,0.36861399118102334,1.0,4.632740133808836,1.0,-25.211918364086596,0.0,-14.28215921564713,1.0,-13.257990280160088,1.0
148,-3.107238788664291,12.287262029741095,0.8,5,0.8608479397293962,1.0,2.1797218123189577,1.0,0.7718477105478332,1.0,-27.136927620574305,0.0,7.788316214656665,1.0
149,-14.153930646563978,14.79939453094514,0.4,5,-24.922312537896655,0.0,7.017267283092991,1.0,0.5318401273702609,1.0,-26.177520328924267,0.0,-27.218927776462227,0.0
150,-9.606071103676706,9.876143326278287,0.8,5,-7.744969701589239,1.0,4.146464974277609,1.0,-8.770974882181905,1.0,-26.75000302541346,0.0,-8.910872883476532,1.0
151,-6.782855627697235,16.113392205811458,0.6,5,-26.18943609614719,0.0,9.356789402921224,1.0,6.042694859642726,1.0,-26.57757571027161,0.0,3.453249405368674,1.0
152,-11.026780436049819,12.77768753912528,0.6,5,3.2100079088895903,1.0,-1.9641772855109156,1.0,-3.5085956046791704,1.0,-26.7047966678424,0.0,-26.1663405311062,0.0
153,-5.516210838598347,11.096889613596435,0.8,5,-9.72183118756232,1.0,4.348911812056525,1.0,-25.47575010479577,0.0,1.8184312304948698,1.0,1.4491840568149588,1.0
154,-4.512263846505759,5.568483608095338,1.0,5,1.8402848791893973,1.0,1.2188097274600587,1.0,-11.202432688063578,1.0,-10.565844728978245,1.0,-3.852136422136427,1.0
155,-14.481511792736033,9.765337536229785,0.6,5,-25.589443457558836,0.0,-25.40061145939382,0.0,-7.454880007244837,1.0,-12.994491505802685,1.0,-0.9681325336799826,1.0
156,-7.453894209089016,14.082317489125963,0.8,5,-29.9004933919911,0.0,-16.615021953384094,1.0,-2.873401416570582,1.0,3.0961400443343328,1.0,9.023305672166359,1.0
157,-13.252381607196256,11.765812579646486,0.8,5,-31.89919137522352,0.0,-15.70695693869875,1.0,1.4362948381452334,1.0,-17.191817714201743,1.0,-2.900236846002496,1.0
158,-0.13968499443295102,13.167211686488509,0.8,5,6.076072647083299,1.0,9.052183633924578,1.0,10.729510498687663,1.0,-25.118200064559264,0.0,-1.4379916873010288,1.0
159,-5.692095521414282,11.492622017704294,1.0,5,-14.47570695900859,1.0,5.7602206966980605,1.0,10.730159305993691,1.0,-14.94465505399319,1.0,-15.530495596761378,1.0
160,-14.206425491543836,10.86715426691459,0.8,5,0.01279279099870756,1.0,-5.714752321981424,1.0,-13.535276024260442,1.0,-21.29472028409625,1.0,-30.50017161837977,0.0
161,-7.299556466922512,11.45499202387461,0.8,5,-28.015239949484318,0.0,-9.249659452740556,1.0,-2.250898145433222,1.0,-3.099203250797512,1.0,6.1172184638430505,1.0
162,-1.082627682926271,13.502209573532655,0.8,5,-0.2706413256832274,1.0,10.494153178049743,1.0,5.822761175598915,1.0,5.748317753109089,1.0,-27.207729195705873,0.0
163,-6.464254849474031,15.406861908866425,0.6,5,-25.097878664079236,0.0,5.969808964781218,1.0,9.899286523002605,1.0,-25.066976748714755,0.0,1.9744856776400148,1.0
164,-18.519244182474182,13.859845406301162,0.4,5,-14.651928340317177,1.0,-29.61379509728127,0.0,-25.408452581878784,0.0,-29.83672925038104,0.0,6.914684357487356,1.0
165,-8.121448572128335,12.164235173883228,0.8,5,-15.034827995531131,1.0,1.2992551714563358,1.0,-25.57560807872754,0.0,-10.316200082338407,1.0,9.020138124499065,1.0
166,-5.794945665157845,12.555659827765975,0.8,5,-27.31361389242676,0.0,-12.934506977438367,1.0,3.532467749925691,1.0,4.292175279828528,1.0,3.448749514321684,1.0
167,-11.652238741824727,11.839728079105724,0.6,5,-1.1341010663154751,1.0,-26.091645211856346,0.0,-25.644900694779338,0.0,-6.26732317356911,1.0,0.8767764373966358,1.0
168,-7.642593762464633,4.234474907437729,1.0,5,-7.198958933266562,1.0,-4.379032192026205,1.0,-15.046177359293534,1.0,-8.723696452387298,1.0,-2.865103875349572,1.0
169,-10.864527662040448,15.598976095815788,0.8,5,5.360887472902843,1.0,-8.031421952388555,1.0,3.590262436105224,1.0,-18.27137752120733,1.0,-36.97098874561442,0.0
170,-8.55665921689228,17.28230500804354,0.6,5,-31.45963472958432,0.0,-27.768572617716476,0.0,3.107288416427748,1.0,6.483283417659541,1.0,6.854339428752109,1.0
171,-2.0747640160897562,6.166593106401666,1.0,5,-2.271043626707133,1.0,3.4857341284270245,1.0,4.195261948529412,1.0,-12.999999384507168,1.0,-2.7837731461909154,1.0
172,-2.0191273494176274,7.3593703611846255,1.0,5,6.61070801336134,1.0,6.366123499142368,1.0,-9.29287522406331,1.0,-10.471760081550855,1.0,-3.3078329539776803,1.0
173,-12.10032048458735,13.379029282349881,0.6,5,-26.79998889445376,0.0,-15.560039791437983,1.0,0.4220200511945347,1.0,6.4383343186520845,1.0,-25.00192810689162,0.0
174,-16.349366827799763,11.723691410313695,0.4,5,-26.086836875095553,0.0,0.8023118106432658,1.0,-26.355699788654416,0.0,-5.185679683377307,1.0,-24.920929602514793,0.0
175,-10.95279407841075,12.027697750684567,0.6,5,-1.9493639003417105,1.0,-2.338885471227199,1.0,-25.54596812834801,0.0,-25.703699551237413,0.0,0.7739466591005826,1.0
176,-0.9318524251477364,8.078074389049018,1.0,5,6.591854558969276,1.0,-2.9749835971771894,1.0,9.693601014690293,1.0,-5.601560423566138,1.0,-12.368173678654923,1.0
177,1.6287999289440254,4.892736795580461,1.0,5,-5.0753008803831605,1.0,7.672582781456953,1.0,-0.2539482956793737,1.0,6.865415253695053,1.0,-1.0647492143693444,1.0
178,-1.8173324002522626,13.993170041536269,0.8,5,10.232413911845729,1.0,10.73313081063448,1.0,-8.03163997879961,1.0,4.2981328131926615,1.0,-26.318699558134576,0.0
179,-6.892809281728072,12.334743689377603,0.8,5,-25.042557519590652,0.0,-8.505333791051603,1.0,-14.362566705618848,1.0,7.7544437567693025,1.0,5.691967850851438,1.0
180,-17.47470755895875,17.28719465044195,0.4,5,-30.03935946802524,0.0,1.6518334324143567,1.0,-35.7620858649789,0.0,-28.454894586894582,0.0,5.2309686926905945,1.0
181,-13.205598969716396,9.893930869130914,0.8,5,-6.707160412683233,1.0,-9.524454207772484,1.0,-8.320106685632995,1.0,-8.565985698881015,1.0,-32.91028784361226,0.0
182,-11.385708115532077,13.948441558259736,0.6,5,-6.804307560871422,1.0,-29.23815350165896,0.0,1.5520326596541008,1.0,4.039636354150361,1.0,-26.477748528934466,0.0
183,-2.6293875497281816,13.57884033090099,0.8,5,-28.31267889225631,0.0,10.189212477269548,1.0,2.1262817784084156,1.0,-3.1836753837407628,1.0,6.033922271678206,1.0
184,-9.676903842429262,13.005666732379566,0.8,5,9.926694276248144,1.0,-4.396863314805442,1.0,-10.474841897233214,1.0,-30.17137401148415,0.0,-13.26813426487165,1.0
185,-11.086883429675543,13.56088466505609,0.6,5,-0.3351323282300225,1.0,-4.16678949485806,1.0,-27.028136719991537,0.0,3.865201680292695,1.0,-27.769560285590792,0.0
186,-5.388829929333464,13.197011871839557,0.8,5,-4.206539084389371,1.0,6.938935091277891,1.0,8.802935286059103,1.0,-11.105480695474307,1.0,-27.374000244140635,0.0
187,-26.60867735213764,7.301188283697629,0.2,5,-25.381531615925066,0.0,-34.65991835710563,0.0,-31.15636894447374,0.0,-28.501310043668123,0.0,-13.344257799515649,1.0
188,-9.671027860520434,12.410617685759929,0.8,5,-27.547150368288424,0.0,-13.42112204455379,1.0,-5.942803601895731,1.0,-12.176931724618404,1.0,10.732868436754178,1.0
189,-3.7810494721184584,15.419355816263652,0.8,5,-28.434105841689007,0.0,9.645381075317095,1.0,6.988095744680851,1.0,8.377932034811439,1.0,-15.48255037371267,1.0
190,-22.526410480261575,10.461992562963115,0.4,5,-31.451038073383167,0.0,-27.410061289620653,0.0,-6.627441951678689,1.0,-13.855667694819935,1.0,-33.28784339180544,0.0
191,-12.125303334416023,12.85177371947867,0.6,5,5.0451853125578685,1.0,-26.185168416896953,0.0,-26.892530894139902,0.0,-11.161450638545928,1.0,-1.4325520350551972,1.0
192,-10.704987323715503,14.75290725850235,0.6,5,-30.80461158635267,0.0,6.0957402881634115,1.0,-0.5787029995775228,1.0,-25.868867832699603,0.0,-2.3684944881111214,1.0
193,0.3436377923807548,12.958965708591224,0.8,5,0.7361838507921039,1.0,9.552967914438502,1.0,-24.823614111498248,0.0,7.828770299201086,1.0,8.42388100897033,1.0
194,-6.764214949733078,13.60635102807288,0.8,5,10.17626968503937,1.0,-3.851419581304155,1.0,3.334271723646723,1.0,-15.428761331411833,1.0,-28.051435244635492,0.0
195,-11.673795117748558,9.39523022400115,0.8,5,-6.149884096413331,1.0,-4.7838931010533585,1.0,-29.12994828565449,0.0,-13.945199080646242,1.0,-4.360051024975377,1.0
196,-12.927874493193254,12.063859229271603,0.6,5,-26.533824768323502,0.0,-25.900521461228756,0.0,-13.037211131935667,1.0,3.4275026928692824,1.0,-2.595317797347631,1.0
197,-3.8369546477233754,15.257999573688037,0.8,5,-29.552322009824213,0.0,10.73422265999361,1.0,3.6767410674374963,1.0,8.641021074632064,1.0,-12.684436030855833,1.0
198,-21.187020013339225,9.222026905217081,0.6,5,-28.862114742749746,0.0,-8.687854988913525,1.0,-15.61403923042751,1.0,-34.290773108302346,0.0,-18.480317996303,1.0
199,4.256892348675661,5.277543074959753,1.0,5,8.31419991644036,1.0,-4.081898278514819,1.0,8.47241513132105,1.0,0.07725317085302486,1.0,8.502491803278689,1.0
200,-4.345697356180452,12.922217527453281,0.8,5,7.861050795952899,1.0,-6.229579320083465,1.0,-26.631423342918918,0.0,-5.919273327049952,1.0,9.190738413197172,1.0
201,-4.953448947751383,11.031081018970378,0.8,5,-25.694374583055357,0.0,-3.7596148599622694,1.0,6.362256545182875,1.0,1.890747076098716,1.0,-3.56625891702088,1.0
202,-10.634416092327717,12.743098593969448,0.8,5,-16.560803481297587,1.0,2.2425162183202128,1.0,-29.867072059362915,0.0,4.608155080213903,1.0,-13.594876219512201,1.0
203,-0.9721746900332265,3.496636923772057,1.0,5,3.0477712778160138,1.0,0.8278112873089629,1.0,-6.684313252506605,1.0,-3.1589212491513923,1.0,1.1067784863668884,1.0
204,8.328256121170465,1.99461127496416,1.0,5,10.022006385481433,1.0,6.905987872662961,1.0,9.634473501504282,1.0,9.99399011749204,1.0,5.084822728711618,1.0
205,-5.2504230743003575,12.757452910793479,0.8,5,8.836264468607505,1.0,-28.215958000694208,0.0,-7.921938840858147,1.0,3.1771180661577594,1.0,-2.1276010647146943,1.0
206,-4.740392656444381,13.279410890227767,0.8,5,1.6694241639811906,1.0,4.688734289979293,1.0,6.98973596697437,1.0,-29.343819450028136,0.0,-7.706038253128623,1.0
207,-4.394657904456166,13.258804956762544,0.8,5,1.6368378410298803,1.0,-10.548944770594181,1.0,8.489463502815468,1.0,5.917474753522533,1.0,-27.468120849054532,0.0
208,-5.663234829923733,12.619919862145192,0.8,5,-25.17069460935644,0.0,-16.255123915252916,1.0,5.390728670537831,1.0,3.738370516297394,1.0,3.9805451881554594,1.0
209,0.6427538110799145,6.585150462274705,1.0,5,6.261274322169058,1.0,-11.222404617878464,1.0,-0.1610578601549495,1.0,7.247811626195732,1.0,1.0881455850681956,1.0
210,-14.316600911890637,12.754340288518662,0.6,5,-27.230987484686942,0.0,-31.596063363183045,0.0,-3.8717788389792567,1.0,0.24291186601734083,1.0,-9.127086738621287,1.0
211,-16.573382330069876,8.351674326221334,0.6,5,-7.598708079006929,1.0,-9.65888933993667,1.0,-12.351801361908779,1.0,-26.207753826558164,0.0,-27.049759042938852,0.0
212,-19.26901376974226,7.925038323538712,0.6,5,-27.65721406717316,0.0,-10.057212821099165,1.0,-14.107943814967758,1.0,-14.702672039306135,1.0,-29.820026106165066,0.0
213,-11.61139414354206,15.960041325751822,0.6,5,-32.28908512810993,0.0,3.2376499900621836,1.0,-0.9795149459736585,1.0,-29.839905206621484,0.0,1.8138845729325865,1.0
214,-7.944124967370101,15.984613580883895,0.6,5,6.124398948354852,1.0,10.72852699283003,1.0,-26.888737822756074,0.0,-3.0764146276830733,1.0,-26.608398327596237,0.0
215,-10.567593064853849,15.547593818151189,0.6,5,5.55589444219366,1.0,-26.717246832038885,0.0,5.2945461153287035,1.0,-30.952811032863856,0.0,-6.018348016888869,1.0
216,-2.09866533355594,8.381886363657229,1.0,5,6.914516000531139,1.0,-14.394613584488056,1.0,7.547196141479101,1.0,-3.612102283299217,1.0,-6.948322942002669,1.0
217,-4.861446115166991,5.73729018939916,1.0,5,-5.84116037254403,1.0,5.426691950913131,1.0,-11.820021820064605,1.0,-4.220578356622541,1.0,-7.852161977516916,1.0
218,-1.5979442543522846,13.051876411042356,0.8,5,-0.4335133789344052,1.0,5.696957943737709,1.0,-27.002106906306057,0.0,8.905577023226748,1.0,4.843364046514582,1.0
219,-15.57733830800735,14.457998592011712,0.4,5,-7.415438300935932,1.0,-27.57299260934881,0.0,-24.842839626899362,0.0,9.179589121121642,1.0,-27.235010123974295,0.0
220,-7.536700102851728,11.822692100837322,0.8,5,-13.0017193000893,1.0,4.163851668875769,1.0,5.997478382866633,1.0,-8.660386447806754,1.0,-26.182724818104987,0.0
221,-0.3031115810820534,13.258205528574486,0.8,5,-1.2234707525688364,1.0,5.543863437310517,1.0,-25.546806025858082,0.0,10.194500513970658,1.0,9.516354921735477,1.0
222,-14.611900285488982,17.627742313963573,0.4,5,-28.697602192745006,0.0,-28.69592471947883,0.0,3.0654204750495477,1.0,10.501194514615662,1.0,-29.232589504886292,0.0
223,6.089589786545803,3.043796540409419,1.0,5,3.7402948239742484,1.0,7.105974754920981,1.0,1.664305290183906,1.0,10.312137236084453,1.0,7.625236827565423,1.0
224,-8.60016548079408,12.620428355490814,0.8,5,-13.492680932327874,1.0,0.714380746856822,1.0,-10.858756238267485,1.0,-28.097057386448608,0.0,8.733286406216735,1.0
225,-5.172489926907543,12.007778710808312,0.8,5,3.287219451371575,1.0,-8.020717260649507,1.0,-26.13277222372332,0.0,-3.983781651862653,1.0,8.987602050326188,1.0
226,-7.895672917288334,15.518593045525423,0.6,5,-26.495490272061573,0.0,3.660349626612355,1.0,3.647032313844159,1.0,-27.19336331994645,0.0,6.903107065109836,1.0
227,-9.268576855089595,15.188687339675317,0.6,5,-27.141400481738206,0.0,-28.033630781335532,0.0,6.920222370517071,1.0,-1.3631344642302032,1.0,3.2750590813388856,1.0
228,3.934460737866831,5.013001073981682,1.0,5,-3.2918865112100395,1.0,9.263599267399268,1.0,3.1085659845384264,1.0,9.803857769006587,1.0,0.7881671795999132,1.0
229,1.0458112091658258,8.04159641081415,1.0,5,3.710169549314984,1.0,9.53073123566044,1.0,3.3965188525616954,1.0,2.8863086846427572,1.0,-14.294672276350745,1.0
230,1.2577734843555881,7.575358593586629,1.0,5,3.017514065062594,1.0,8.277328735632182,1.0,1.1251378087831654,1.0,6.86317666164018,1.0,-12.99428984934018,1.0
231,-16.43487261842178,6.776527731170828,0.8,5,-25.016086466311563,0.0,-14.134349679091331,1.0,-8.262958838264165,1.0,-10.97312630107193,1.0,-23.78784180736992,1.0
232,0.7159302598408995,6.107650788510525,1.0,5,3.930633107654142,1.0,-7.6961598206674555,1.0,10.46567134268537,1.0,-1.561446384039904,1.0,-1.5590469464276548,1.0
233,-4.489059135118756,11.465017676687708,0.8,5,4.1480966359146425,1.0,-25.98141713737378,0.0,-3.174619802279075,1.0,6.399372940314901,1.0,-3.836728312170475,1.0
234,-0.04314853462571726,10.650144562410896,1.0,5,9.141453852436701,1.0,7.932910383623721,1.0,-12.56629554204097,1.0,8.853507343249857,1.0,-13.577318710397895,1.0
235,-9.584755498164546,9.177376477950391,0.8,5,-12.652730848219479,1.0,-6.105102358593044,1.0,1.5902098742019106,1.0,-25.5662009352416,0.0,-5.189953222970512,1.0
236,-3.262589933328761,4.062736554266906,1.0,5,-5.714529907654686,1.0,-7.578174601384726,1.0,2.5161570789350094,1.0,0.6966295593657197,1.0,-6.233031795905124,1.0
237,0.16898419740079723,6.832338589022008,1.0,5,4.397284728017599,1.0,-10.77567214332128,1.0,1.9696677753141163,1.0,8.967792127285877,1.0,-3.714151500292326,1.0
238,6.67351557064134,4.3714377502711494,1.0,5,-1.7472273736053232,1.0,7.162249597423511,1.0,9.306529287598945,1.0,8.01398088724411,1.0,10.632045454545455,1.0
239,1.0143324352286187,8.51136912353881,1.0,5,6.086977777777776,1.0,-1.2266645136287302,1.0,10.468796935638325,1.0,-14.255663248958658,1.0,3.9982152253143814,1.0
240,-1.7411041274950392,10.645838569542722,1.0,5,-14.924693656093497,1.0,7.923008577916072,1.0,5.974144223263078,1.0,-14.58933827011669,1.0,6.91135848755584,1.0
241,-1.5907697130056035,13.0147173277529,0.8,5,3.927383893574058,1.0,-0.5065864350043796,1.0,7.419986034046729,1.0,8.09855224207872,1.0,-26.893184299723146,0.0
242,-24.730882136335307,10.230519479388128,0.2,5,-30.927289245816322,0.0,-32.948564764776144,0.0,-26.873499886282126,0.0,-4.710748650796976,1.0,-28.194308134004974,0.0
243,-15.224311986660187,17.423052076254816,0.4,5,2.428905308298563,1.0,9.395481609375818,1.0,-28.025537707030203,0.0,-28.99093676341842,0.0,-30.929472380526686,0.0
244,-11.488114764081946,11.05454587304804,0.8,5,0.8583109560292321,1.0,-9.342496658392218,1.0,-11.862643753287957,1.0,-31.854475885421436,0.0,-5.239268479337353,1.0
245,-1.151408220030811,13.216801464487974,0.8,5,10.523348408104198,1.0,5.817399235303486,1.0,7.073199148326499,1.0,-3.184583891550675,1.0,-25.986404000337565,0.0
246,-7.018544461466236,11.718227902201386,0.8,5,-0.49989156310743077,1.0,8.285823637477035,1.0,-25.497849202438893,0.0,-14.293655413271246,1.0,-3.0871497659906435,1.0
247,-1.1306363116818865,13.468089521658339,0.8,5,2.966694390184349,1.0,7.18585625,1.0,6.848777681754349,1.0,5.246548166228166,1.0,-27.901058046576296,0.0
248,-15.648728090317523,12.16742625834159,0.6,5,-3.5175938378161398,1.0,-30.308521536670554,0.0,-28.222170487217344,0.0,-0.8165662299288492,1.0,-15.378788359954724,1.0
249,0.3875304153716364,12.975344301691077,0.8,5,9.432156033400645,1.0,7.151612269961481,1.0,5.429965589753395,1.0,5.314947652744604,1.0,-25.391029469001943,0.0
250,1.6267124280029344,8.30914700468323,1.0,5,-10.212030126358302,1.0,9.19506227855499,1.0,8.13982966585167,1.0,-6.665363617178425,1.0,7.676063939144738,1.0
251,-3.9126270193615964,13.264828349223368,0.8,5,7.941420416792511,1.0,5.349789066125998,1.0,1.5724161500556306,1.0,-28.822897702509184,0.0,-5.60386302727294,1.0
252,-6.076366246010275,12.507650388278801,0.8,5,-14.338454723139057,1.0,-4.421087111843907,1.0,-25.35487625159221,0.0,5.363178456318914,1.0,8.369408400204884,1.0
253,-2.5033652969720075,12.156547827806202,0.8,5,8.675085253238363,1.0,2.4939814097598747,1.0,1.756344608879493,1.0,0.7330057615995091,1.0,-26.175243518337275,0.0
254,-15.10618317613691,16.85565770575372,0.6,5,-3.039170184490306,1.0,-35.805817871026434,0.0,-8.030865905929774,1.0,5.612448872398917,1.0,-34.26751079163695,0.0
255,5.356939851008991,5.431559063977246,1.0,5,8.318960883635851,1.0,10.317414759999382,1.0,-4.453695742904831,1.0,9.13810176035299,1.0,3.4639175939615603,1.0
256,-15.402901926507422,19.6746158128856,0.4,5,10.875,1.0,-27.247894732357377,0.0,5.661837403987226,1.0,-29.223890434351514,0.0,-37.07956186981545,0.0
257,-1.5649471198614529,13.063014962278135,0.8,5,2.3237840220385673,1.0,10.638158179848322,1.0,1.2650819510268576,1.0,-26.871166697356735,0.0,4.819406945135724,1.0
258,-11.800642573314022,20.860494764550708,0.6,5,0.42802425674535094,1.0,-39.84432529028793,0.0,10.58303124147871,1.0,-34.021844159264475,0.0,3.851901084758225,1.0
259,-4.5227072679581966,14.954581704418743,0.8,5,3.2609697217675935,1.0,2.972941955473374,1.0,-34.29558914675883,0.0,4.956906398953895,1.0,0.49123473077298563,1.0
260,1.201158577142883,6.338003295412369,1.0,5,0.363483782129741,1.0,9.89096775622287,1.0,4.855060882369596,1.0,0.19637695934751953,1.0,-9.300096494355312,1.0
261,2.432840516171681,5.3930919799015005,1.0,5,0.1835484121438018,1.0,-6.0803242203451795,1.0,8.009176488365066,1.0,1.608996721903102,1.0,8.442805178791614,1.0
262,-6.911779689549928,16.37254764933991,0.8,5,-19.872451559708665,1.0,-30.415635067961965,0.0,-5.609386986002395,1.0,10.608996460545491,1.0,10.7295787053779,1.0
263,3.821332130240068,3.9174033525911782,1.0,5,3.062417218543045,1.0,8.540516840087623,1.0,-3.1513622600073194,1.0,5.930773629943973,1.0,4.7243152226330185,1.0
264,-10.31354448492275,15.470494999572782,0.6,5,-26.440062232400688,0.0,8.775951353070823,1.0,-13.9703722508925,1.0,6.745569746395233,1.0,-26.678809040786618,0.0
265,-13.746433293702307,14.804302206093752,0.4,5,-25.44950459528294,0.0,-0.1124397972116622,1.0,8.28894653363338,1.0,-25.383620398593198,0.0,-26.075548211057107,0.0
266,-1.8108110542699776,9.764917276188497,1.0,5,-15.663197368069113,1.0,6.777586840588066,1.0,-2.083858671120341,1.0,10.85,1.0,-8.9345860727485,1.0
267,-6.0152948760599365,13.028713344590397,0.8,5,-8.78478862501429,1.0,10.468241696378307,1.0,-27.028818109363776,0.0,-9.477179580896683,1.0,4.746070238596761,1.0
268,3.111134585755845,7.224333693448451,1.0,5,-11.081023658718346,1.0,8.318447510476597,1.0,6.468623579861884,1.0,7.555030691964285,1.0,4.294594805194805,1.0
269,-2.4027591868077285,8.574970775877624,1.0,5,8.990120769619322,1.0,-14.909319208252017,1.0,-3.659315564102048,1.0,4.989247040373323,1.0,-7.424528971677223,1.0
270,1.8263542222077955,13.586576718368825,0.8,5,9.298015703905733,1.0,-25.33307354892369,0.0,7.939814592789244,1.0,8.683522095226452,1.0,8.543492268041238,1.0
271,-3.6930736060068967,5.872812271509313,1.0,5,4.376239467326617,1.0,-13.332439806697185,1.0,-0.16699939679372555,1.0,-4.481061661083011,1.0,-4.861106632787177,1.0
272,-13.018024043462905,12.44280131833299,0.8,5,-31.99936609359199,0.0,6.545186194368753,1.0,-17.694025017456035,1.0,-11.626715097576671,1.0,-10.315200203058568,1.0
273,3.534322938769982,5.398131789305726,1.0,5,-4.969841999830708,1.0,10.733853278447516,1.0,1.7342612871792493,1.0,2.4900112571598845,1.0,7.6833308708939665,1.0
274,-2.1882554746245924,7.238052591368645,1.0,5,-8.388775483647082,1.0,-5.594523204983902,1.0,7.897209994587767,1.0,-9.8460422374739,1.0,4.990853558394157,1.0
275,-7.938883807721423,10.888159438323434,0.8,5,-3.8280409436292526,1.0,1.3297254150702411,1.0,-26.521096822114146,0.0,2.759438444356852,1.0,-13.434445132290813,1.0
276,-4.779047130569207,17.16621159329111,0.8,5,5.669590669428491,1.0,2.4828376815319357,1.0,2.3288466953461118,1.0,-39.0169755083787,0.0,4.640464809226125,1.0
277,-2.065959469714717,13.23964156701452,0.8,5,10.609073710850996,1.0,-0.5398439505954205,1.0,0.8941691063711126,1.0,-27.341477103179148,0.0,6.048280887978878,1.0
278,-11.377404498632472,13.417230617595528,0.6,5,-4.721739961759086,1.0,-27.928415064146034,0.0,3.1330060408921936,1.0,-0.2559542569490034,1.0,-27.113919251200436,0.0
279,-6.347620067004923,13.256174446547403,0.8,5,-12.35788496802182,1.0,-28.220957734452824,0.0,-4.334627913170857,1.0,3.0262078577987674,1.0,10.149162422822119,1.0
280,-13.708669464687725,14.52892737740423,0.6,5,-27.2997955375031,0.0,-31.773477279054646,0.0,8.445732003739483,1.0,-6.904174839029219,1.0,-11.011631671591134,1.0
281,-0.0899773250648046,7.844681497499618,1.0,5,6.742609247506799,1.0,6.608362711767564,1.0,-7.678052204888846,1.0,-11.455017332274137,1.0,5.332210952564598,1.0
282,-5.216501251163391,11.625906802420927,0.8,5,3.789223306218413,1.0,-8.116364495877773,1.0,2.441264956446827,1.0,2.6145392104747796,1.0,-26.811169233079198,0.0
283,-13.215161798443148,12.06739251161223,0.6,5,-28.14523291630223,0.0,1.678787904360055,1.0,-25.60110364742108,0.0,-1.865664176535832,1.0,-12.14259615631665,1.0
284,-10.330111048642049,14.572528054044248,0.6,5,-28.043128141145047,0.0,2.2572527520819152,1.0,-2.073078072797607,1.0,-27.966252106047996,0.0,4.174650324698494,1.0
285,2.1167126160039134,6.246005939591236,1.0,5,9.80479868798688,1.0,8.722759890495919,1.0,-6.468225083986551,1.0,-1.8144097462914122,1.0,0.3386393318147327,1.0
286,-1.8616016405604074,7.320234783043629,1.0,5,3.7225770179565156,1.0,3.534668087304664,1.0,4.762519335791312,1.0,-8.567818790178094,1.0,-12.759953853676434,1.0
287,-9.460808012062529,4.105997648745336,1.0,5,-10.994502572290223,1.0,-10.362981205624386,1.0,-12.928001164123174,1.0,-11.592851872525241,1.0,-1.425703245749613,1.0
288,-4.558236101085021,11.82239698970884,0.8,5,-2.441248311223248,1.0,6.07334250310975,1.0,6.098966959479926,1.0,-26.10597362151122,0.0,-6.416268035280314,1.0
289,-3.0157751410121927,9.2558046223345,1.0,5,-0.4501481202459381,1.0,6.018824783967641,1.0,7.143080971122805,1.0,-14.2208569539926,1.0,-13.569776385912872,1.0
290,-1.628888697961879,13.222062009945738,0.8,5,-26.696830984965956,0.0,7.581220743233213,1.0,3.7421464708482732,1.0,-2.592433189602671,1.0,9.821453470677747,1.0
291,-3.371635259277691,6.884211918944706,1.0,5,3.1957989375490587,1.0,3.7473830694901302,1.0,-1.0081315503197157,1.0,-9.303343508388851,1.0,-13.489883244719076,1.0
292,-4.064752203121179,15.967972027997162,0.8,5,8.493970299498239,1.0,-34.10303447978624,0.0,-6.0610296283075265,1.0,2.415751812788395,1.0,8.930580980201233,1.0
293,4.857020106709477,4.533076115091624,1.0,5,7.472914129883309,1.0,6.849649671316339,1.0,9.401746353766859,1.0,-3.5526775515843703,1.0,4.113467930165249,1.0
294,-3.175455659148593,13.238640441956209,0.8,5,-7.4665769840221845,1.0,5.872024832214762,1.0,-27.144110667396994,0.0,3.516520026725744,1.0,9.34486449673571,1.0
295,6.702873144780139,4.12740551010755,1.0,5,10.191938956598898,1.0,-0.9310454825519567,1.0,5.635779480806407,1.0,9.253144337035703,1.0,9.364548432011645,1.0
296,-2.330190971513214,14.228818126347953,0.8,5,9.556541075823274,1.0,9.18728008833272,1.0,7.656691580231849,1.0,-12.656681118646208,1.0,-25.39478648330771,0.0
297,-7.741482444530289,16.77320259960421,0.6,5,-26.15270033120027,0.0,0.1778612075192445,1.0,8.997883108490184,1.0,-29.64408251877335,0.0,7.913626311312731,1.0
298,3.722303559873788,6.497539352106069,1.0,5,2.6379910990838242,1.0,8.247727847373865,1.0,6.871182837564241,1.0,-8.455412791237356,1.0,9.310028806584363,1.0
299,-11.826057980316355,14.225484021331404,0.6,5,-27.284956729674338,0.0,6.773487978804363,1.0,0.4815740811009075,1.0,-10.71563920594554,1.0,-28.384756025867173,0.0
300,1.489824682799617,7.431735520472229,1.0,5,10.875,1.0,4.245273472524659,1.0,6.796528776637128,1.0,-6.9953950302101955,1.0,-7.472283804953506,1.0
301,-0.40497469542594333,7.509975349088053,1.0,5,3.7964202049780384,1.0,-6.53486876956417,1.0,4.915633450704226,1.0,-11.917068494026958,1.0,7.715010130779149,1.0
302,2.9035783484948743,4.154758038880161,1.0,5,5.237770026263951,1.0,-0.42141732659097286,1.0,5.584515789473683,1.0,7.5898009740563825,1.0,-3.472777720728674,1.0
303,0.06882030860295885,8.904003492857179,1.0,5,2.7591819473577335,1.0,9.037742268041237,1.0,-9.57197751536718,1.0,9.397484826988256,1.0,-11.278329984005252,1.0
304,0.37795071180116546,6.112664870137125,1.0,5,8.731405691623813,1.0,3.751241303838034,1.0,-9.823148892545923,1.0,0.08301051672738957,1.0,-0.8527550606374863,1.0
305,-8.857890902372244,13.826478841428052,0.6,5,-24.773409229028264,0.0,8.630860096601983,1.0,0.6167173420710217,1.0,-25.470135282909464,0.0,-3.293487438596493,1.0
306,-2.60857006206223,13.06641486188208,0.8,5,-5.309407736032158,1.0,-26.531453049821508,0.0,5.681780160189485,1.0,2.2412303153530333,1.0,10.875,1.0
307,2.040316359527286,7.192577222920854,1.0,5,4.0727967730607855,1.0,7.948993957703928,1.0,10.875,1.0,-5.6932645888955555,1.0,-7.001944344232728,1.0
308,2.472500310664423,6.553148357567727,1.0,5,8.903224778854254,1.0,-6.918972900582947,1.0,-3.577461539798694,1.0,4.9820738525779396,1.0,8.973637362271562,1.0
309,-0.5004819316229383,12.76190625678029,0.8,5,1.998022785102938,1.0,-25.614668197622027,0.0,5.810553993413325,1.0,9.17112854225808,1.0,6.132553218732994,1.0
310,-0.14496076568162994,6.359905087540389,1.0,5,-2.4657925054067515,1.0,7.901414575077058,1.0,-10.010248295348793,1.0,-1.6957869097266496,1.0,5.545609306996987,1.0
311,-2.8632909635864077,11.821542962420555,0.8,5,8.586146525566116,1.0,-2.873705302398582,1.0,-25.053970299115306,0.0,5.46460064888592,1.0,-0.43952639087018675,1.0
312,-7.665294650792506,14.98810919755296,0.6,5,6.525935467237823,1.0,-25.339217605623926,0.0,1.9064226581017483,1.0,-26.510165109999562,0.0,5.090551336321383,1.0
313,4.252392663800843,5.115173055095127,1.0,5,4.90069305905498,1.0,4.285568492224475,1.0,8.457999032375117,1.0,8.90725505514706,1.0,-5.289552319797414,1.0
314,-4.214517029366907,11.923890746360913,0.8,5,-4.0083753773623965,1.0,5.4738975234842,1.0,-26.480596244497242,0.0,-2.7554037719750397,1.0,6.697892723515944,1.0
315,-10.702434832015612,9.46719359132975,0.8,5,-2.5923373785831387,1.0,-12.786614446744872,1.0,-9.566220831924266,1.0,-27.53269390827738,0.0,-1.0343075945484017,1.0
316,6.763504469693271,3.483276474371041,1.0,5,8.5443799332119,1.0,8.000373854863613,1.0,10.656769447803304,1.0,0.3988612741589126,1.0,6.217137838428628,1.0
317,-17.55067989186545,14.681207603604838,0.4,5,-1.609848744781841,1.0,-28.605392402165197,0.0,-30.258002438379513,0.0,-29.59800473774079,0.0,2.3178488637400774,1.0
318,6.532020457552785,3.194500957603616,1.0,5,9.87600347739692,1.0,6.998041066401722,1.0,1.080629013317342,1.0,5.2838936218827515,1.0,9.421535108765196,1.0
319,-4.91180132635293,12.038261246593546,0.8,5,-7.906102355724718,1.0,-2.872275068997242,1.0,-26.088961209666422,0.0,9.161639748489705,1.0,3.1466922541340274,1.0
320,-6.8142712104174255,14.022243103844662,0.8,5,4.60594380820819,1.0,-29.509327426015137,0.0,-17.06891724173449,1.0,3.3536285247797535,1.0,4.547316282674558,1.0
321,-0.420365760420297,8.265622651140367,1.0,5,8.326606007306182,1.0,-10.343124641559928,1.0,-3.0889294620591414,1.0,-7.219462660083318,1.0,10.22308195429472,1.0
322,-11.436065329334006,14.44332455970294,0.6,5,5.427450649759432,1.0,-15.034884543761642,1.0,5.518148026375876,1.0,-27.462536154575627,0.0,-25.62850462446807,0.0
323,1.5545220725939992,8.413347698951135,1.0,5,0.4665254373552923,1.0,-14.386330392238829,1.0,8.05584022439227,1.0,7.50603455292072,1.0,6.130540540540542,1.0
324,-10.89561564035386,10.901732257984598,0.8,5,-13.458950656101965,1.0,-29.112009971808696,0.0,-9.354562784085227,1.0,-7.124052262931025,1.0,4.571497473157616,1.0
325,-4.747215064601944,10.181846510647091,1.0,5,-14.007740188433354,1.0,2.0551241081727696,1.0,-5.40050521297624,1.0,10.611664262820513,1.0,-16.994618292593408,1.0
326,5.6967284697444445,3.3003182208215667,1.0,5,9.230340406719717,1.0,2.6386776209717517,1.0,8.210024094626167,1.0,0.8978238797504243,1.0,7.5067763466541555,1.0
327,-11.429929923256594,16.77095000765427,0.6,5,-33.32102735121595,0.0,-8.614456100161041,1.0,6.821523915695595,1.0,-28.131021049012976,0.0,6.0953309684114,1.0
328,2.825486752817017,5.980005221902678,1.0,5,6.09578257671993,1.0,-2.4544625320497317,1.0,-5.790967377260982,1.0,5.955738450187704,1.0,10.321342646488164,1.0
329,6.2570479942547355,4.152046619692459,1.0,5,10.109543532577359,1.0,-1.2852442541485427,1.0,9.994530328062307,1.0,6.733030288052826,1.0,5.733380076729726,1.0
330,-2.684917167219632,7.579968894141641,1.0,5,-17.43766117821226,1.0,1.117853464623094,1.0,4.1438777749096545,1.0,-0.4652279299200561,1.0,-0.7834279674985947,1.0
331,4.318350048437519,4.866205116196312,1.0,5,-4.276058920992298,1.0,10.31931074596481,1.0,6.073516658469025,1.0,6.333172306868628,1.0,3.141809451877428,1.0
332,0.6521289666741079,6.804906604580686,1.0,5,10.732699439166762,1.0,-4.749426824279228,1.0,4.533243770811802,1.0,-8.579607359729975,1.0,1.323735807401178,1.0
333,-6.923420156698539,12.24687764965606,0.8,5,4.942531031605298,1.0,-9.328408286487603,1.0,6.9233143410852716,1.0,-26.943536214242222,0.0,-10.21100165545344,1.0
334,-4.112504188835676,6.158172569615267,1.0,5,6.3719696280656155,1.0,-8.886997896115755,1.0,-9.870734843742076,1.0,-0.6433040784718624,1.0,-7.533453753914301,1.0
335,1.350791706457998,3.8522842006937292,1.0,5,2.364471753702567,1.0,-4.560635864063627,1.0,7.246489451033904,1.0,-0.3669410579879102,1.0,2.0705742496050563,1.0
336,-3.1464821789268194,13.130725461207422,0.8,5,7.927899404898146,1.0,7.083496339441006,1.0,-26.07348195680217,0.0,-9.677558719800384,1.0,5.007234037629306,1.0
337,4.030050831754812,4.4962620227265475,1.0,5,7.275132311977716,1.0,8.538761928265878,1.0,0.19690283198239555,1.0,-2.8212877510348022,1.0,6.960744837582872,1.0
338,3.653737010414357,6.369628436699372,1.0,5,6.276507261943678,1.0,5.662053049671294,1.0,-8.704392466712653,1.0,9.681930937562738,1.0,5.3525862696067295,1.0
339,-3.641511988918917,9.263078756227888,1.0,5,-10.824758970886926,1.0,6.217324917797345,1.0,6.972075327598681,1.0,-3.9901461043562083,1.0,-16.582055114747476,1.0
340,-1.040502137174132,10.234928296655095,1.0,5,2.608239195272408,1.0,7.953705210149137,1.0,9.946216698635975,1.0,-16.707031810079737,1.0,-9.003639979848444,1.0
341,1.6847054078467436,6.689603543245747,1.0,5,9.091185768411082,1.0,6.431238993262273,1.0,-10.389259740259748,1.0,1.1044931755835687,1.0,2.185868842236542,1.0
342,-8.190695482482598,11.231240260893832,0.8,5,-25.025192554959713,0.0,-13.285981405584375,1.0,6.914319675133026,1.0,-10.689798167366627,1.0,1.1331750403647067,1.0
343,-1.5392664859663223,13.785364978449621,0.8,5,-25.953589039423882,0.0,9.752015495534273,1.0,-7.248863321829617,1.0,10.76631090487239,1.0,4.9877935310152255,1.0
344,-1.2455409813507103,6.980214903164104,1.0,5,7.248073215791798,1.0,-1.1155598724845603,1.0,-13.753952755905509,1.0,-1.233464147931354,1.0,2.627198653776073,1.0
345,-0.8201235870022409,5.5527346116500755,1.0,5,2.9429013946806597,1.0,4.046559211198527,1.0,3.446891467586899,1.0,-4.534513309495429,1.0,-10.002456698981861,1.0
346,3.404537785825832,11.47681055313896,1.0,5,-19.454918314113137,1.0,7.606648174229672,1.0,8.598993974607273,1.0,9.51696509440535,1.0,10.755,1.0
347,-5.8628070224919,6.384890394181406,1.0,5,-13.109540725818565,1.0,-3.8626472165817294,1.0,-11.366820755853642,1.0,-5.929783125614955,1.0,4.954756711409396,1.0
348,2.3510893323729003,6.023308110902203,1.0,5,9.033285059535059,1.0,5.674639926233286,1.0,0.8234218282185655,1.0,4.723812037493833,1.0,-8.499712189616242,1.0
349,-1.1510508714959689,8.671761082802984,1.0,5,-5.068182729211086,1.0,10.566570376114774,1.0,7.768940427114652,1.0,-10.925000821405835,1.0,-8.097581610092348,1.0
350,5.798944930800576,3.588992975850546,1.0,5,5.116683691957276,1.0,5.732221948991779,1.0,-0.3766178331856729,1.0,8.306710794541575,1.0,10.215726051697922,1.0
351,4.013623983692595,6.7998929437614875,1.0,5,3.8772102937756774,1.0,8.966103998203055,1.0,-8.692205382970702,1.0,5.304755995128301,1.0,10.612255014326648,1.0
352,7.361108769606676,1.1561874893845816,1.0,5,5.290421884498479,1.0,7.904022569338924,1.0,7.491129414377731,1.0,8.804157910765952,1.0,7.315812069052292,1.0
353,-4.720322564378695,7.863409397120837,1.0,5,-6.823253871361558,1.0,-13.53206830666349,1.0,-8.661500329984587,1.0,-4.406316730331367,1.0,9.821526416447524,1.0
354,2.1534066406661827,4.27432151589636,1.0,5,3.2920717434869733,1.0,7.850646158218179,1.0,-3.223032166154299,1.0,5.140050416600329,1.0,-2.292702948820269,1.0
355,-8.942545418009535,15.034812641490843,0.6,5,-28.30599334357398,0.0,-26.00563073517333,0.0,5.431577253218886,1.0,4.763785904169098,1.0,-0.596466168688341,1.0
356,0.34942697166538467,9.276823351979845,1.0,5,3.6202761553898233,1.0,8.798630397140144,1.0,-7.374895716454365,1.0,10.195583178367832,1.0,-13.492459156116512,1.0
357,5.226222499112758,5.296126460040184,1.0,5,7.9536784450140345,1.0,-5.010912093495929,1.0,7.69732022020874,1.0,9.891073958545899,1.0,5.59995196529105,1.0
358,1.4482347357269478,2.7747426993206994,1.0,5,-2.3259091744665206,1.0,0.15118228941684642,1.0,6.183524354773386,1.0,1.8284302885926778,1.0,1.4039459203183497,1.0
359,1.8951863708653118,5.515661570025295,1.0,5,-4.53773154738794,1.0,4.408794387551538,1.0,4.292891971500222,1.0,-4.326322077571865,1.0,9.638299120234604,1.0
360,0.9754997549751507,9.072141656385387,1.0,5,9.48666920057183,1.0,6.276704657750841,1.0,8.234437963944858,1.0,-5.300831339555675,1.0,-13.8194817078361,1.0
361,-2.489936639537031,4.809880529053073,1.0,5,-3.094367738105337,1.0,-10.522620478468886,1.0,4.137514337276923,1.0,0.07100038901991113,1.0,-3.041209707407768,1.0
362,2.6762930722822116,9.652069221962616,1.0,5,1.5434410925749802,1.0,10.237296876736691,1.0,10.486153266477306,1.0,6.625386714744119,1.0,-15.510812589122034,1.0
363,-6.125354021506791,12.058355368083621,0.8,5,-0.9154103291713973,1.0,4.647015322506654,1.0,3.83130557242477,1.0,-27.705357032152612,0.0,-10.48432364114137,1.0
364,-0.7427553633648003,9.828433156486385,1.0,5,-9.145975391110738,1.0,8.514321991178322,1.0,-15.298371008192607,1.0,2.871778150321318,1.0,9.344469440979704,1.0
365,4.000607114897519,6.735645928366584,1.0,5,9.818399106673674,1.0,2.6505102852032234,1.0,-8.43571396453637,1.0,9.528225577413023,1.0,6.441614569734044,1.0
366,5.592128432315458,4.130435911646524,1.0,5,2.5556395867873976,1.0,6.7610440531318545,1.0,-0.7755255479523413,1.0,10.06986360612109,1.0,9.349620463489288,1.0
367,-2.7513197159038763,10.750487731472333,1.0,5,-1.422698748496856,1.0,-16.682332792007195,1.0,7.680468829726566,1.0,-13.30321263812896,1.0,9.971176769387064,1.0
368,0.717062072500056,9.153455519262009,1.0,5,9.921970432856169,1.0,-2.800027109742505,1.0,10.727389663553794,1.0,-14.146493509786023,1.0,-0.11752911438115277,1.0
369,-6.68620222784868,16.22893003911871,0.6,5,-26.10629731218583,0.0,9.25151095092875,1.0,2.970475105759845,1.0,-26.705976399064177,0.0,7.159276515318008,1.0
370,9.401297907337845,1.515305304831201,1.0,5,10.162185395249912,1.0,10.324281503903139,1.0,9.068838137472284,1.0,10.85,1.0,6.6011845000638845,1.0
371,3.9046694065382885,5.905624253901309,1.0,5,8.832692468283282,1.0,8.8312787008192,1.0,-6.682906063193855,1.0,1.6769415132225411,1.0,6.865340413560276,1.0
372,-14.179950217924244,9.871242474652252,0.8,5,-2.9589222155919828,1.0,-10.735954187612636,1.0,-30.10856526493985,0.0,-6.659197843434221,1.0,-20.43711157804254,1.0
373,-0.1470408279198626,13.226598684435977,0.8,5,-26.381725258708638,0.0,7.1121634329246515,1.0,3.166083072233043,1.0,7.937473223480946,1.0,7.430801390470686,1.0
374,-4.329589637390626,10.126865560957825,1.0,5,-20.002761804143063,1.0,-1.918354125223372,1.0,10.231101487264231,1.0,-0.057201926270341374,1.0,-9.900731818580585,1.0
375,-7.70301451376819,16.81157299250877,0.6,5,2.0527638265331305,1.0,-27.218540269440595,0.0,7.8862483299730375,1.0,7.781918459539181,1.0,-29.0174629154457,0.0
376,-0.676865755383767,13.802099830391906,0.8,5,5.639933697070334,1.0,9.739300857807217,1.0,-27.469558874168605,0.0,8.574600408516275,1.0,0.1313951338559427,1.0
377,-9.794384516528591,15.295235010218304,0.6,5,-30.33707323058047,0.0,-26.354129701611974,0.0,-0.1995115342932312,1.0,2.7145448367680904,1.0,5.204247047074622,1.0
378,6.428517973864267,3.234245059248409,1.0,5,10.613532030572847,1.0,4.826853166804031,1.0,1.6787427499147007,1.0,9.42418583345388,1.0,5.599276088575879,1.0
379,2.2803405661071716,6.756263599429729,1.0,5,-2.827674878272189,1.0,10.511214882749012,1.0,-7.269384621290637,1.0,2.136183899307312,1.0,8.851363548042361,1.0
380,5.542093478881636,3.7019345222546827,1.0,5,-1.0440657095327541,1.0,8.064021514649479,1.0,3.9601863729880185,1.0,7.951572561350742,1.0,8.778752654952694,1.0
381,0.14217469433297952,6.917162656409206,1.0,5,8.264675755986715,1.0,-11.471178181396358,1.0,4.482376465060431,1.0,-3.3802945378351392,1.0,2.8152939698492476,1.0
382,-8.010867026340003,11.381024066397162,0.8,5,-27.980564319566685,0.0,-2.24205043881177,1.0,-10.43959027748625,1.0,6.278879666659218,1.0,-5.671009762494537,1.0
383,3.0154285085589967,9.269688033795603,1.0,5,10.875,1.0,-13.432991631799169,1.0,7.614368516012631,1.0,10.85,1.0,-0.8292343414184788,1.0
384,-3.953169943419252,12.816796771350525,0.8,5,3.0432982631930523,1.0,4.501371128161408,1.0,-26.260754095983767,0.0,8.956334321411752,1.0,-10.006099333878705,1.0
385,1.8863196721116904,6.216485705097223,1.0,5,8.724346633603847,1.0,8.132701702144784,1.0,-7.134604486839789,1.0,2.8390825953529157,1.0,-3.1299280837033034,1.0
386,4.4578600095748575,4.415122177502823,1.0,5,-3.6829462692175277,1.0,4.249013809978021,1.0,6.000474990173796,1.0,6.1876650910607545,1.0,9.535092425879245,1.0
387,-2.8587564017612133,15.864777913316974,0.8,5,-3.0224055876394615,1.0,6.539660018340212,1.0,-33.42221394916945,0.0,5.741923757481134,1.0,9.869253752181502,1.0
388,0.981173367427585,13.713151502658098,0.8,5,9.539470607994625,1.0,5.006337696870524,1.0,6.561704309813372,1.0,9.99197379310345,1.0,-26.193619570644042,0.0
389,4.141345225716991,5.872520997443917,1.0,5,7.947936353249547,1.0,8.869386050126288,1.0,0.05127447802459528,1.0,-5.46274638073856,1.0,9.300875627923089,1.0
390,-5.101661641824095,13.321256051417748,0.8,5,-15.373915373155837,1.0,8.43158852061439,1.0,4.055035490757807,1.0,3.482506788898947,1.0,-26.10352363623578,0.0
391,-0.743846340739535,4.650795055827175,1.0,5,-6.670944431355387,1.0,-5.188711030336927,1.0,0.5496257583750985,1.0,1.5172865379967533,1.0,6.073511461622788,1.0
392,7.482890233277013,2.3892618575337723,1.0,5,9.721063499111901,1.0,6.340921508127633,1.0,3.7372108781746185,1.0,7.276390109131095,1.0,10.338865171839812,1.0
393,1.4062091484808343,13.88777579820777,0.8,5,7.110112669178178,1.0,-26.00185335808302,0.0,10.361591269357396,1.0,10.875,1.0,4.686195161951619,1.0
394,-4.3472450895954875,13.242656081629768,0.8,5,9.799534079861736,1.0,9.365177242112727,1.0,-9.75145755532022,1.0,-25.757053557090092,0.0,-5.392425657541596,1.0
395,-6.378464314600646,19.55633274514135,0.6,5,-32.96743617995052,0.0,10.332213194670132,1.0,8.968112595275826,1.0,-27.49142634560905,0.0,9.266215162610381,1.0
396,2.6105659480098433,9.26101044705303,1.0,5,-15.446031780821938,1.0,8.799016921837229,1.0,8.757313012707094,1.0,7.745493004802673,1.0,3.1970385815241595,1.0
397,5.426303443141388,5.372898579420514,1.0,5,7.591432566371681,1.0,-5.203180063812267,1.0,9.392835911434638,1.0,7.035718050065878,1.0,8.314710751647015,1.0
398,-10.547477362461425,19.235803511050126,0.6,5,4.437933546399469,1.0,-31.56174413218038,0.0,9.327860086426465,1.0,1.144157221985509,1.0,-36.08559353493819,0.0
399,-4.614647133332008,12.703159950142606,0.8,5,8.460973895132762,1.0,-27.79352892357676,0.0,3.3446421369354367,1.0,0.5175322471147297,1.0,-7.602855022266208,1.0
400,4.069894419939779,7.040564724888744,1.0,5,5.623508723345332,1.0,10.248713923247701,1.0,10.06908106823387,1.0,3.4084088844259552,1.0,-9.000240499553968,1.0
401,5.181807433670737,4.030195746481652,1.0,5,-1.811897225787341,1.0,3.627319079608996,1.0,9.782006874489518,1.0,7.837305631538874,1.0,6.474302808503637,1.0
402,-2.196172921887854,13.211901546913172,0.8,5,2.412625047382039,1.0,1.5327761804357536,1.0,2.555772033118675,1.0,-27.8378070521244,0.0,10.355769181748663,1.0
403,0.2923984771131103,10.103867990015255,1.0,5,6.590561772121504,1.0,-15.229222767523735,1.0,9.515979875149302,1.0,8.800529893403368,1.0,-8.215856387584887,1.0
404,3.9644382316311377,5.739183123101245,1.0,5,10.111024765157984,1.0,0.1758795755335658,1.0,-5.304237009912244,1.0,8.596738478632782,1.0,6.2427853487436025,1.0
405,-2.1877308655604244,11.866383920178968,0.8,5,-25.09742869875225,0.0,4.549055287979127,1.0,-0.13835510566993037,1.0,1.0088256010703152,1.0,8.73924858757062,1.0
406,-1.809666066630283,15.359107208568135,0.8,5,-1.3359505039417172,1.0,10.260398204982721,1.0,6.099230247808816,1.0,-31.553859959853582,0.0,7.481851677852347,1.0
407,-1.5830496988709548,8.419623136330598,1.0,5,8.667203525641026,1.0,-12.771250873515022,1.0,-8.166649370416494,1.0,-2.949463623549814,1.0,7.3049118474855295,1.0
408,2.735629842831142,5.76102544565405,1.0,5,-5.545006666163561,1.0,9.7959952567877,1.0,1.5693808570823826,1.0,8.583000668859038,1.0,-0.7252209024098484,1.0
409,1.5933268962654652,13.653082081155386,0.8,5,10.377839799643432,1.0,6.46012198273634,1.0,10.630768427814358,1.0,5.935170025038751,1.0,-25.437265753905557,0.0
410,0.601360597897522,15.956848395807533,0.8,5,-31.120856487325312,0.0,6.289040152144891,1.0,6.947913211896149,1.0,10.01570611277188,1.0,10.875,1.0
411,0.7398649265969421,5.515719263706843,1.0,5,2.968373743515687,1.0,4.2909828448892045,1.0,-8.88179142085791,1.0,-1.4973794177090696,1.0,6.819138883146799,1.0
412,4.542006408262469,7.225183077845788,1.0,5,8.492641795571732,1.0,10.755316686967115,1.0,2.201895428523083,1.0,-8.6089935181851,1.0,9.869171648435511,1.0
413,-6.062971531964174,8.313988732585985,1.0,5,-1.8413840999682076,1.0,-16.21490226924684,1.0,-16.002349845555422,1.0,1.7904285622992955,1.0,1.953349992650299,1.0
414,1.515701364925294,13.199575478056149,0.8,5,-24.532834617564934,0.0,10.205576041208618,1.0,10.452136114984446,1.0,6.669417199833818,1.0,4.784212086164522,1.0
415,-5.332670783806192,11.123508549384567,0.8,5,2.8300448903114983,1.0,2.823734870317004,1.0,-25.778914947509747,0.0,2.1595120067406253,1.0,-8.697730738890339,1.0
416,4.176814657670677,4.4799675363962335,1.0,5,6.111433086548036,1.0,0.918534958491291,1.0,-2.364610623503932,1.0,10.586389688563203,1.0,5.632326178254784,1.0
417,1.4532461167605593,10.43676821510858,1.0,5,8.781231465584517,1.0,-11.701895350083984,1.0,-10.899735204632439,1.0,10.446641651031895,1.0,10.639988021902807,1.0
418,6.427140446610162,4.412293999766435,1.0,5,8.416985350809561,1.0,-2.364084106695781,1.0,9.001380109823064,1.0,8.023258152564285,1.0,9.058162726549675,1.0
419,5.578301250484387,5.368242509276214,1.0,5,7.099897646125365,1.0,6.143893584530427,1.0,-4.755685560545379,1.0,9.127738095238097,1.0,10.275662487073424,1.0
420,1.8481720889696867,8.408531006248333,1.0,5,-13.46411129694389,1.0,9.005566824015341,1.0,9.923244244769462,1.0,0.7451300152740039,1.0,3.0310306577335178,1.0
421,-0.5656113829024185,13.16134145675034,0.8,5,-4.799633854311438,1.0,6.233726622166095,1.0,10.59216874878633,1.0,9.650441118238694,1.0,-24.504759549391775,0.0
422,7.297868955756064,2.435986933409306,1.0,5,6.609306731965798,1.0,10.490413576322666,1.0,7.488476596739321,1.0,3.1813715607608257,1.0,8.719776312991707,1.0
423,-4.333115397521565,13.38662475036252,0.8,5,5.355499387552739,1.0,-24.851489524782817,0.0,-15.51749560883951,1.0,9.29446453026568,1.0,4.053444228196085,1.0
424,-6.334871380046725,13.65096465808921,0.8,5,-14.67109003118901,1.0,10.318245797534553,1.0,2.5028823324022333,1.0,-1.5017838229555736,1.0,-28.32261117602583,0.0
425,-4.689462674872338,12.3548186549868,1.0,5,-2.087318331214167,1.0,5.904631013474985,1.0,9.821953399031235,1.0,-23.531450672956833,1.0,-13.555128782696913,1.0
426,-19.28030747769141,18.701944422475226,0.6,5,-40.66379446511321,0.0,9.041437955254942,1.0,-11.858358013859295,1.0,-39.329866089682405,0.0,-13.590956775057075,1.0
427,2.539719216163772,3.7337237542017205,1.0,5,4.8441302978660365,1.0,6.360775543226999,1.0,4.889418834314675,1.0,0.34631856057138144,1.0,-3.742047155160236,1.0
428,-10.183419554580192,13.827717356813798,0.6,5,7.578608158502244,1.0,2.067361776608159,1.0,-25.623846332545494,0.0,-8.929305562874367,1.0,-26.0099158125915,0.0
429,-2.7929156397245802,13.456119434544094,0.8,5,7.222530235266097,1.0,-25.086646800761535,0.0,6.991295637521063,1.0,-11.772685398181626,1.0,8.680928127533099,1.0
430,1.95036526414098,4.036691069135601,1.0,5,5.359566907372737,1.0,-2.356004545379138,1.0,1.912020620498092,1.0,-2.625083399952471,1.0,7.461326738165681,1.0
431,-9.567531560379317,18.0588792868731,0.6,5,-2.630501403384475,1.0,9.67528256506642,1.0,-28.332836392239113,0.0,-33.678023574796384,0.0,7.128421003456975,1.0
432,4.389786744867722,5.337883893654093,1.0,5,-0.09886132758140675,1.0,-3.705812576561863,1.0,10.19622931675384,1.0,7.5616200699698,1.0,7.995758241758242,1.0
433,1.8852578009941936,13.419329330715351,0.8,5,5.935058739994837,1.0,-24.686920375087215,0.0,10.73631155533886,1.0,6.972096750176824,1.0,10.469742334547663,1.0
434,-5.797228500840259,12.10488582900993,0.8,5,7.77611352930654,1.0,-28.416278193045176,0.0,-4.235238866882732,1.0,-3.8360227998175986,1.0,-0.27471617376232516,1.0
435,3.243985321549448,5.701211937679655,1.0,5,-6.124671598936327,1.0,9.83761832112829,1.0,2.799026794609616,1.0,8.451838938053099,1.0,1.2561141528925628,1.0
436,2.2991523216011203,2.5719157994283584,1.0,5,2.595117072061832,1.0,5.839421133403204,1.0,2.0712976390485416,1.0,-2.140425057180792,1.0,3.130350820672816,1.0
437,-12.039669714195963,12.50860258582532,0.8,5,1.696525216868828,1.0,1.2271556930640664,1.0,-11.964706992602501,1.0,-20.527929466807908,1.0,-30.629393021502306,0.0
438,7.739687903826439,1.6672216568333549,1.0,5,5.554145255828303,1.0,9.378363955735114,1.0,7.561382400648824,1.0,9.854637251482385,1.0,6.349910655437569,1.0
439,-1.3844132828372584,9.537319263947635,1.0,5,-10.493827405485172,1.0,-15.109385341524504,1.0,3.796817166294307,1.0,6.816102516466813,1.0,8.068226650062266,1.0
440,8.599107181985724,1.1320441115247004,1.0,5,9.305946622185155,1.0,7.472264027189793,1.0,7.354931426013348,1.0,8.507751765792298,1.0,10.35464206874803,1.0
441,-10.539173805238939,14.051285173752474,0.8,5,7.17965950991832,1.0,-17.723729983331143,1.0,3.2241053059014604,1.0,-30.96456663390485,0.0,-14.411337224778476,1.0
442,2.612246743119705,5.736068638695877,1.0,5,2.468733933331574,1.0,8.576285562148183,1.0,-7.867670642809795,1.0,6.971527334986421,1.0,2.9123575279421443,1.0
443,0.5142095163045663,8.773721330983483,1.0,5,9.96733881211748,1.0,-3.3561362885127277,1.0,9.05629344451884,1.0,0.7943421902866472,1.0,-13.890790576887406,1.0
444,4.883281976246894,7.693700199681708,1.0,5,10.088708230015351,1.0,8.453724403864905,1.0,5.318772022500787,1.0,10.609746044830537,1.0,-10.054540819977104,1.0
445,1.7119603735993731,13.698653584841262,0.8,5,-25.107669319890338,0.0,9.762947602941965,1.0,10.469477711477712,1.0,10.415440922190202,1.0,3.0196049512773246,1.0
446,-3.7036854073133925,12.55143757408505,0.8,5,4.518405214345938,1.0,4.330611583637099,1.0,-26.972102964206854,0.0,6.493244523915958,1.0,-6.888585394259101,1.0
447,-5.680751665662813,15.761856860717463,0.6,5,8.340819927971188,1.0,-25.054072948927857,0.0,4.4238338692390125,1.0,-24.743290136084678,0.0,8.628950959488273,1.0
448,6.179614660181129,3.7057107733905648,1.0,5,10.052675335880686,1.0,3.256528251050007,1.0,10.610642252484357,1.0,5.834836700415248,1.0,1.1433907610753486,1.0
449,6.550856812020939,2.7422035526191237,1.0,5,1.2078333143572824,1.0,8.370225041896099,1.0,6.753879713461348,1.0,7.906310064690839,1.0,8.516035925699123,1.0
450,4.404062264694928,5.978931225974442,1.0,5,7.562440692557872,1.0,4.51165296728588,1.0,8.740495979091275,1.0,8.382585808640417,1.0,-7.176864124100803,1.0
451,-0.6720675703888874,12.726726679406033,0.8,5,-0.5303749754757732,1.0,8.826945571801858,1.0,-25.25589818027331,0.0,8.13802287417192,1.0,5.460966857830868,1.0
452,2.8703236119812088,6.1508814407993695,1.0,5,-5.377369573618447,1.0,2.9633292467457553,1.0,-2.428495965708521,1.0,10.727940478421086,1.0,8.46621387406617,1.0
453,7.332244429331634,3.9496076749836218,1.0,5,10.85,1.0,9.14773656461012,1.0,9.910511708586297,1.0,-0.11513812471343599,1.0,6.868111998175182,1.0
454,5.635476696294399,4.50038133910885,1.0,5,9.470834632718885,1.0,10.022775914994098,1.0,-1.8154300485149175,1.0,7.646994385964911,1.0,2.85220859630902,1.0
455,4.568574855323664,3.9036334121064757,1.0,5,3.7326390599514,1.0,0.2192916927631945,1.0,6.894456847886893,1.0,1.146486676016833,1.0,10.85,1.0
456,-11.75533095103616,14.154061549711368,0.6,5,0.009929478138221981,1.0,-4.595350454102315,1.0,-27.07774282608319,0.0,3.3360654770334692,1.0,-30.449556430166993,0.0
457,4.0973942697910175,3.918571287492989,1.0,5,3.8607882139853817,1.0,-2.6738194652548852,1.0,7.365733448852772,1.0,8.535868523775727,1.0,3.3984006275960894,1.0
458,5.466920203039245,6.723413354144597,1.0,5,7.944516647874246,1.0,10.469836123723042,1.0,6.360947524603711,1.0,10.195592302545165,1.0,-7.636291583549937,1.0
459,-11.812119008126356,11.31084905213332,0.8,5,2.8712807601931436,1.0,-12.180062095098407,1.0,-21.095987085491373,1.0,-1.5785942672939512,1.0,-27.077232352941195,0.0
460,3.681414477197144,5.74504190727622,1.0,5,5.222804556828658,1.0,2.58403303937399,1.0,8.789867521268457,1.0,8.649090764836561,1.0,-6.838723496321942,1.0
461,5.199596311321864,7.170290015080761,1.0,5,-8.803285261540434,1.0,9.773774649584322,1.0,10.458407194431235,1.0,5.922117870403976,1.0,8.646967103730221,1.0
462,-7.178789257088343,5.01914387606426,1.0,5,-15.083434735129606,1.0,-1.710901915290476,1.0,-2.8104002524413705,1.0,-5.631698731524626,1.0,-10.657510651055631,1.0
463,1.9720110073053347,7.9431732662170385,1.0,5,1.3128265384615379,1.0,9.009881764438381,1.0,3.3473812202731024,1.0,-12.711254317175243,1.0,8.901219830528895,1.0
464,4.066796552425663,2.86608986241432,1.0,5,3.922886061439705,1.0,4.170389803702671,1.0,5.935547024952015,1.0,-1.0828126865176788,1.0,7.3879725585516,1.0
465,-7.532976936086163,15.13474476816756,0.6,5,-26.021827852153667,0.0,-25.234954405788468,0.0,10.465016904062518,1.0,2.1497358173720453,1.0,0.977144856076757,1.0
466,2.071114557275844,9.042798055195147,1.0,5,5.336028142668878,1.0,5.571298310524674,1.0,7.891707416917867,1.0,-15.902289950287198,1.0,7.458828866554997,1.0
467,-11.390547797888516,13.41268614369996,0.6,5,-9.935304098753955,1.0,-26.364760335964085,0.0,-26.894601269742953,0.0,0.7113589809478356,1.0,5.530567734070574,1.0
468,2.4997670571221158,7.310594130166568,1.0,5,9.063534616936646,1.0,-2.512290546852265,1.0,-9.309022289999312,1.0,9.494964462559368,1.0,5.76164904296614,1.0
469,-5.221917028495734,6.886837776012169,1.0,5,-14.663760427294006,1.0,3.9040778718359377,1.0,-6.125395596835219,1.0,1.0069470844319106,1.0,-10.231454074617291,1.0
470,6.357473593646041,6.46427737584472,1.0,5,-6.552076504169847,1.0,10.246054489141786,1.0,9.325227485676542,1.0,9.50365108284634,1.0,9.264511414735386,1.0
471,4.802552113175217,3.55566280591129,1.0,5,-0.21643172957112533,1.0,9.428223469862695,1.0,2.580328264334643,1.0,8.143527308811136,1.0,4.077113252438735,1.0
472,1.8073147290832885,7.9145823104363116,1.0,5,10.733808557323094,1.0,-6.343852360227656,1.0,8.405453263961862,1.0,5.061757121035135,1.0,-8.820592936675993,1.0
473,4.797819962364143,5.238253140674471,1.0,5,5.139877959594115,1.0,2.4344504537409026,1.0,-3.842613629952803,1.0,10.113465405378633,1.0,10.143919623059867,1.0
474,0.09434731435465604,6.810574321961807,1.0,5,1.8836681912408242,1.0,-5.456729526789209,1.0,-9.944915668922429,1.0,7.9650697636018375,1.0,6.024643812642256,1.0
475,7.714020940828452,2.2918447401225532,1.0,5,6.491714165261381,1.0,5.9180797764396695,1.0,10.875,1.0,5.240432624493366,1.0,10.044878137947844,1.0
476,0.22426172037786749,14.148748662333475,0.8,5,2.5414955405699375,1.0,6.7942295637877,1.0,9.428734633126547,1.0,-27.58356809815952,0.0,9.940416962564674,1.0
477,4.4863133141333105,6.13937351190905,1.0,5,8.369479312223195,1.0,6.846669680530441,1.0,6.886387060032781,1.0,-7.731466136777611,1.0,8.060496654657745,1.0
478,-1.4801985956548225,6.516566454144453,1.0,5,8.825723172346253,1.0,-3.468177777777779,1.0,-3.474770604452127,1.0,-10.894614560222623,1.0,1.610846791832163,1.0
479,-0.09419964393641855,13.45884794061536,0.8,5,0.16182657319311744,1.0,7.887291048184517,1.0,-26.18575410979112,0.0,7.889247894399842,1.0,9.776390374331552,1.0
480,4.674530276494819,9.164976335721825,1.0,5,10.465453633142033,1.0,9.904862537397914,1.0,7.3547207410257815,1.0,9.182604574817326,1.0,-13.534990103908962,1.0
481,2.390993806929921,10.079332983906165,1.0,5,9.082972410086441,1.0,8.161196445689846,1.0,-16.563548333819107,1.0,0.6603827146468202,1.0,10.613965798045603,1.0
482,5.736193896368322,6.023339477398208,1.0,5,6.220864606181456,1.0,10.400437352245865,1.0,-5.84606652128808,1.0,7.441197216140131,1.0,10.464536828562238,1.0
483,5.826133960478159,2.7350041372557654,1.0,5,6.945350243919874,1.0,3.1844633572946313,1.0,2.553625577597888,1.0,10.089764383192069,1.0,6.357466240386334,1.0
484,-0.6585573782679361,9.78028153784698,1.0,5,-3.0882846082622493,1.0,-15.712308084486521,1.0,10.053084451662535,1.0,-4.6239112301343415,1.0,10.078632579880898,1.0
485,2.1706775216845235,7.491713617142691,1.0,5,-10.638442975830811,1.0,9.149749054657956,1.0,8.206408946122268,1.0,-1.894274935821171,1.0,6.029947519294376,1.0
486,-1.080470577032429,13.453477658860978,0.8,5,10.202094303222877,1.0,-26.332700986396762,0.0,6.3731866126663395,1.0,-3.4448638862228425,1.0,7.7999310715682455,1.0
487,-6.313358119458474,4.237173135345335,1.0,5,-6.278323354525444,1.0,-4.581987989011219,1.0,-7.437110464434989,1.0,-13.165380775904543,1.0,-0.10398801341617414,1.0
488,7.371691153657672,2.3256933924542795,1.0,5,9.970566321854132,1.0,5.508296712626502,1.0,9.921892175509937,1.0,4.160972690492247,1.0,7.29672786780554,1.0
489,-5.568746081731362,12.739270754820398,0.8,5,8.568485332269008,1.0,4.22870811264356,1.0,-27.703923373722304,0.0,-3.00378616506843,1.0,-9.933214314778647,1.0
490,6.750749607130129,3.014109879875754,1.0,5,8.81189806997948,1.0,7.408583320720448,1.0,1.1077378979974064,1.0,6.692129940790528,1.0,9.73339880616278,1.0
491,-1.0017285912402951,10.618719921995638,1.0,5,6.3896125720955785,1.0,2.095274096132875,1.0,7.141468230797813,1.0,-21.712320244070483,1.0,1.0773223888427417,1.0
492,5.29448441143042,6.029563035369626,1.0,5,10.605968992248062,1.0,9.107783687943263,1.0,-6.327039165431904,1.0,7.194148099606815,1.0,5.891560442785861,1.0
493,-1.8370672601672695,12.689418485606703,0.8,5,-3.5828399716763926,1.0,7.64312933826932,1.0,7.75431345906056,1.0,4.831346767757382,1.0,-25.831285894247216,0.0
494,-8.494960599217515,12.142569680141412,0.8,5,-19.80274298926276,1.0,0.21234245931364093,1.0,-25.795631030797942,0.0,5.709191877895884,1.0,-2.797963313236396,1.0
495,2.8945956570529807,6.6737026249276665,1.0,5,1.5702474126778831,1.0,4.034489567063157,1.0,7.272098752511721,1.0,10.5879873875912,1.0,-8.99184483457906,1.0
496,-7.8546323914128156,14.25942095446118,0.8,5,-7.548972904486659,1.0,-9.520680230945715,1.0,10.187580277516597,1.0,0.37435613518960764,1.0,-32.7654452343379,0.0
497,6.792333245906887,3.348621986701908,1.0,5,9.908527428977578,1.0,3.6672435140568655,1.0,8.656270891755469,1.0,1.9028278528904483,1.0,9.826796541854081,1.0
498,7.34357740356586,1.9351318223616563,1.0,5,8.383594686263425,1.0,9.96353486858166,1.0,4.077923116693531,1.0,7.279872312603361,1.0,7.012962033687321,1.0
499,-12.325320797693692,12.342607614582375,0.8,5,5.302914631116998,1.0,-27.522892982047107,0.0,-20.888502328156036,1.0,-1.2638455594945945,1.0,-17.254277749887716,1.0
500,-3.5962511883482984,13.125367764470939,0.8,5,4.01010866690521,1.0,-27.178203572918765,0.0,4.785198124059818,1.0,-8.411003082247355,1.0,8.8126439224596,1.0
501,-1.349353064993276,12.833579969781974,0.8,5,9.025226008344923,1.0,2.0760385101792833,1.0,10.511780821917807,1.0,-3.3584905513648042,1.0,-25.00132011404359,0.0
502,0.8808291205872205,6.599438687616358,1.0,5,-3.1368321930405347,1.0,-7.134791170910713,1.0,8.57917735526382,1.0,8.909643546053688,1.0,-2.813051934430158,1.0
503,1.9845523644410208,5.0861512472958506,1.0,5,9.82707132887155,1.0,-0.08958771965755652,1.0,5.0334055908938735,1.0,0.3481389323425894,1.0,-5.196266310245353,1.0
504,5.27303937581475,3.102910763868038,1.0,5,3.1345336372764523,1.0,3.2271460157025533,1.0,10.130796729581629,1.0,2.1473750000000003,1.0,7.725345496513112,1.0
505,8.072829860208463,1.8791262460663196,1.0,5,6.741838730710715,1.0,7.803433664523669,1.0,9.737585648972805,1.0,10.593877116204077,1.0,5.487414140631056,1.0
506,-4.8937713783468,11.80383138283245,0.8,5,3.878373744314647,1.0,-5.394659707463436,1.0,-26.99694419826794,0.0,-2.175405425659479,1.0,6.219778695342205,1.0
507,4.186033766656574,5.956920260521727,1.0,5,10.265124686589415,1.0,9.087233777541297,1.0,7.324791443850268,1.0,-1.0131383613175498,1.0,-4.733842713380554,1.0
508,1.1946535040687873,8.298433824706391,1.0,5,4.914416956532026,1.0,8.848324538789978,1.0,-11.754402399019181,1.0,-5.193375775769027,1.0,9.158304199810141,1.0
509,1.4050576993688568,5.29973249488016,1.0,5,6.233346239761728,1.0,-8.395890771911128,1.0,5.969602776907821,1.0,1.338457788416628,1.0,1.8797724636692354,1.0
510,2.349991511523658,4.36826123699711,1.0,5,8.623226813131943,1.0,-1.6770724176287821,1.0,1.728189265948151,1.0,-2.828649313672077,1.0,5.904263209839055,1.0
511,-1.5008031177934793,12.47540296992694,0.8,5,4.2724738801822815,1.0,8.16419672383296,1.0,-26.04996611375874,0.0,4.961197066369972,1.0,1.1480828544061286,1.0
512,-0.3248595728899318,13.088341718589799,0.8,5,9.08355860058309,1.0,9.582523738130934,1.0,-25.602856943453588,0.0,5.21532288968527,1.0,0.09715385060463255,1.0
513,-1.5762810151311821,1.6704696780765986,1.0,5,-2.3533968509436534,1.0,-4.292670122525916,1.0,-1.1674359279536617,1.0,-0.7567748563760635,1.0,0.6888726821433835,1.0
514,-2.613828923688998,5.984021341240142,1.0,5,-1.1818311693437007,1.0,7.688511957651952,1.0,-2.595344536320802,1.0,-9.43600617790643,1.0,-7.544474692526009,1.0
515,-0.7602057878157019,9.92858500409863,1.0,5,10.729475372279497,1.0,-5.626493823890581,1.0,-15.479143582878503,1.0,9.912308691065487,1.0,-3.3371755956544096,1.0
516,6.294450430131995,4.437574656357676,1.0,5,10.327395632895508,1.0,7.2093497804725075,1.0,-2.0169702089316957,1.0,6.156606471645695,1.0,9.79587047457796,1.0
517,0.4571915924898988,8.42368555509646,1.0,5,2.095392704879206,1.0,-11.036586134453785,1.0,-7.419101810011867,1.0,8.708245546868703,1.0,9.938007655167237,1.0
518,2.337560631762561,8.253100993102848,1.0,5,8.217977969106103,1.0,6.624090730171227,1.0,-13.455425387716303,1.0,8.494990871882454,1.0,1.8061689753693226,1.0
519,-1.876721444578171,13.717915601382266,0.8,5,9.116366242646903,1.0,-27.78479770217797,0.0,9.463452850622728,1.0,2.5413175912492054,1.0,-2.719946205231725,1.0
520,0.03441672338680846,8.115245798845232,1.0,5,9.599106748147186,1.0,-4.403646358856465,1.0,-9.738851272559002,1.0,-5.118691336676468,1.0,9.83416583687879,1.0
521,2.6199990941215576,7.715497859538669,1.0,5,-8.120309308489908,1.0,-5.15697575411453,1.0,9.428357497883793,1.0,6.616267631386479,1.0,10.332655403941954,1.0
522,8.002901011147333,3.3079904130088917,1.0,5,10.727917851264403,1.0,10.35704893377021,1.0,6.918394062357666,1.0,1.9687743141514709,1.0,10.042369894192914,1.0
523,3.7478616891156578,5.9361833139204,1.0,5,10.027931214647555,1.0,9.272555268975681,1.0,0.4497051462537147,1.0,-5.944689476710751,1.0,4.933806292412089,1.0
524,4.586602189717643,7.972722846146786,1.0,5,7.399450189589796,1.0,-11.152207815998365,1.0,9.775586412507629,1.0,10.089612994350281,1.0,6.820569168138873,1.0
525,-0.6624686332324103,13.699396923365036,0.8,5,-1.1947768493988224,1.0,-26.932438423645312,0.0,10.354657954311586,1.0,6.227576631259483,1.0,8.232637521311018,1.0
526,2.426666032942531,7.3956725143030395,1.0,5,2.11586296823139,1.0,9.237778226213297,1.0,6.911327809746663,1.0,-11.625755975916602,1.0,5.494117136437907,1.0
527,-8.350558450615898,13.039912315559496,0.8,5,-27.95375132379381,0.0,-17.734293289989985,1.0,7.373810059395929,1.0,2.898805834243901,1.0,-6.33736353293553,1.0
528,-9.150423754736746,16.953675280131385,0.6,5,-1.8640804405874487,1.0,7.479560401475033,1.0,-26.49678729972273,0.0,-32.24714231934795,0.0,7.376330884499367,1.0
529,4.7277471582202795,3.5734051423232818,1.0,5,-0.41996514648764105,1.0,3.972857629549936,1.0,2.7153191532834775,1.0,9.52299898047212,1.0,7.847525174283502,1.0
530,5.516183279995827,5.190687065414893,1.0,5,-3.197637875536479,1.0,3.0332357163364927,1.0,10.316315139540627,1.0,10.85,1.0,6.5790034196384966,1.0
531,-3.171799089877972,7.05281765317126,1.0,5,-3.4650706537374525,1.0,-7.1736351093883375,1.0,4.636218029425518,1.0,4.167764129935313,1.0,-14.024271845624902,1.0
532,5.9565042570112325,5.239020298207897,1.0,5,10.348330632090763,1.0,-3.2145433191178867,1.0,3.4391893876508526,1.0,8.940008271001151,1.0,10.269536313431281,1.0
533,5.16570472037054,6.234363477391631,1.0,5,-1.501273842259181,1.0,10.58758512799675,1.0,10.339547858039074,1.0,9.758956728405181,1.0,-3.3562922703291242,1.0
534,-0.1214118342902319,8.440087650903118,1.0,5,6.617814470365701,1.0,6.728570485550829,1.0,-2.4510864029104145,1.0,-15.625894848871862,1.0,4.123537124414587,1.0
535,1.8053956619925144,5.990987818619002,1.0,5,-7.122306531617468,1.0,0.40287800425920395,1.0,-0.39937518116250637,1.0,5.392896359083028,1.0,10.752885659400317,1.0
536,3.555928037382734,7.653373250787508,1.0,5,5.446487250384024,1.0,9.054796433461457,1.0,-10.951214548268515,1.0,3.703720914742454,1.0,10.52585013659425,1.0
537,7.356698265148547,5.068709768912177,1.0,5,9.47434532626491,1.0,-2.740588412027085,1.0,9.587355567056997,1.0,10.740225505443235,1.0,9.722153339004679,1.0
538,0.43525707274023606,6.296425733113179,1.0,5,-7.787539783173775,1.0,-6.4716897808371705,1.0,7.574139809823474,1.0,4.347004175665946,1.0,4.5143709422227065,1.0
539,-1.8750532242755047,10.067762374596606,1.0,5,-5.964322624129405,1.0,10.345684621792076,1.0,-3.951508948415018,1.0,7.708692940175787,1.0,-17.513812110800963,1.0
540,5.411942839451535,1.415573995879155,1.0,5,6.051831575471514,1.0,3.0951138982790445,1.0,4.712038743208128,1.0,7.281369612538093,1.0,5.919360367760892,1.0
541,4.426870015861778,4.450677922975935,1.0,5,10.149384939759036,1.0,8.433672643461216,1.0,0.14301387591727632,1.0,-1.2167404460383242,1.0,4.625019066209682,1.0
542,-8.79671234609339,15.269509496468208,0.6,5,-25.884451257155664,0.0,7.7122103669272475,1.0,9.252497678174844,1.0,-9.69376731246094,1.0,-25.370051205952436,0.0
543,-7.043392484891372,12.69471016231331,0.8,5,-26.597440981253296,0.0,2.777756841208216,1.0,-7.660550626729613,1.0,9.815381642713904,1.0,-13.552109300396069,1.0
544,0.2240980842179912,5.449317822184211,1.0,5,2.54320459553037,1.0,6.552347917706427,1.0,4.557820136559657,1.0,-6.179903068724736,1.0,-6.352979159981762,1.0
545,4.392563844401954,4.419072457984709,1.0,5,2.694374181364039,1.0,-2.372504538719971,1.0,3.1936881594769932,1.0,8.562082692774496,1.0,9.885178727114212,1.0
546,2.775566908494202,6.039687017046178,1.0,5,-7.590426537143289,1.0,7.4264900192706245,1.0,-0.14060260890441967,1.0,5.148122878625133,1.0,9.034250790622961,1.0
547,-4.377161535458553,5.501028942029614,1.0,5,-1.989878613104418,1.0,-4.890172010297217,1.0,4.4121656537185485,1.0,-12.079177226076457,1.0,-7.338745481533223,1.0
548,5.709321856748069,3.692353845814125,1.0,5,9.556053462221346,1.0,1.850322469216076,1.0,0.7299103431896441,1.0,8.987847322579386,1.0,7.4224756865338914,1.0
549,2.2968654782836526,7.255587060642305,1.0,5,3.252160150084868,1.0,10.60355630821338,1.0,-10.691013718810424,1.0,7.132846934400457,1.0,1.1867777175299832,1.0
550,-12.305085398756445,17.328702044901526,0.4,5,-27.242188525967013,0.0,-25.946837038026686,0.0,-26.082748388716848,0.0,7.238572688195745,1.0,10.507774270732577,1.0
551,1.824967083421838,9.231436235917041,1.0,5,-5.2492007136485235,1.0,10.142337181578617,1.0,8.706509590764117,1.0,-12.879614046822738,1.0,8.404803405237718,1.0
552,-8.265244991638893,15.737767438742896,0.6,5,6.929644072741417,1.0,-2.5487463607594982,1.0,-26.167413311901804,0.0,-27.79495215895217,0.0,8.255242800677584,1.0
553,-0.22422443945400303,3.4065150116270724,1.0,5,-1.705784155214225,1.0,-2.9561261079231613,1.0,6.2921239063608425,1.0,-0.10111373118084366,1.0,-2.6502221093126277,1.0
554,6.146144873609873,5.559755082150318,1.0,5,9.848597754618241,1.0,-4.804567208971722,1.0,8.348368620882189,1.0,9.96282099456348,1.0,7.375504206957177,1.0
555,-1.5336045094414799,13.992184256529708,0.8,5,7.618070103766648,1.0,-28.841750357806266,0.0,9.072290290722794,1.0,0.1889396081599699,1.0,4.294427807949455,1.0
556,-1.4318558759337825,14.960117956319706,0.8,5,3.0020886720407285,1.0,10.475058953574061,1.0,9.067141055171657,1.0,-30.459046465247287,0.0,0.7554784047919263,1.0
557,5.3181867736129025,4.532609143343273,1.0,5,9.769542550864145,1.0,6.18311776061776,1.0,2.2140390992238457,1.0,-1.7072383909287243,1.0,10.131472848287485,1.0
558,-1.8463988342812763,9.765846459253556,1.0,5,0.7391884096221979,1.0,-9.981735263991055,1.0,8.061796825767301,1.0,-16.197710142804823,1.0,8.146466,1.0
559,-4.0194242302620555,14.333325770534616,0.8,5,-31.409178610010805,0.0,5.247612460224419,1.0,-5.307365025100868,1.0,6.4271544068497946,1.0,4.944655616727188,1.0
560,6.496621696463237,2.7473485156888318,1.0,5,4.9683332865050165,1.0,5.23810750279955,1.0,10.45967716589232,1.0,2.9570124296530222,1.0,8.859978097466275,1.0
561,9.070259192005818,0.47127050269508575,1.0,5,8.87118246051538,1.0,9.176653359946773,1.0,8.727586177851713,1.0,9.938834874313782,1.0,8.637039087401444,1.0
562,3.2893413556141637,3.8427407975220875,1.0,5,-3.8312870737509925,1.0,7.192733857903262,1.0,2.9057742863682465,1.0,5.884553247178144,1.0,4.294932460372159,1.0
563,3.65390067862187,5.238559152524661,1.0,5,7.240628383775629,1.0,10.609410678190562,1.0,-1.4800154887563028,1.0,-3.2327658490519156,1.0,5.132245668951373,1.0
564,0.8382769674435643,8.14980007101567,1.0,5,-1.2634161936836161,1.0,9.433936380835057,1.0,2.9477434891188015,1.0,6.840306363905257,1.0,-13.767185202957677,1.0
565,5.416702814107586,3.221462740459998,1.0,5,-0.323578517498456,1.0,4.12093428019462,1.0,8.465056277742548,1.0,7.499839719099079,1.0,7.321262311000139,1.0
566,4.419809395946829,9.121076250085967,1.0,5,10.25172077009556,1.0,8.01159908749724,1.0,10.471431567552939,1.0,6.9945934323690375,1.0,-13.630297877780631,1.0
567,4.354849512887126,5.449046862357578,1.0,5,3.245141307919816,1.0,9.504672805579661,1.0,2.7405592524815585,1.0,-4.446217492089815,1.0,10.730091690544413,1.0
568,6.151732220396584,3.332488237581128,1.0,5,0.753989306401305,1.0,7.96668797629953,1.0,9.188184810360209,1.0,3.8049365996330433,1.0,9.044862409288825,1.0
569,5.808418683794035,5.521500402025743,1.0,5,7.762923253288282,1.0,-5.179818250777519,1.0,8.554061005518088,1.0,8.421048401826486,1.0,9.483879009114835,1.0
570,0.5008098030488586,7.5060391524861565,1.0,5,10.471593730020503,1.0,-3.0527133772354595,1.0,-7.88320016542597,1.0,8.463918838686695,1.0,-5.495550010801475,1.0
571,5.3283536140770185,7.781212518964137,1.0,5,10.092068274745479,1.0,10.22469781379252,1.0,9.678995283372014,1.0,-10.013399647117863,1.0,6.659406345592943,1.0
572,5.326835321377689,7.042044581671217,1.0,5,6.557671011277501,1.0,8.796997359387378,1.0,-8.537761214712747,1.0,10.210437408053645,1.0,9.606832042882669,1.0
573,3.313995534274228,3.3183988742505592,1.0,5,9.081292667650875,1.0,-0.29826013880924407,1.0,4.202324160089405,1.0,3.08238213318542,1.0,0.5022388492546863,1.0
574,-5.21584985017153,12.231921076433137,1.0,5,-21.245026933435934,1.0,-15.678669339091666,1.0,-6.291691372801765,1.0,9.0896403253164,1.0,8.04649806915531,1.0
575,2.8424241199912204,5.906185726800059,1.0,5,2.092778523489933,1.0,1.4900709460095207,1.0,-6.91139723217292,1.0,6.9527732869379015,1.0,10.587895075691666,1.0
576,-5.757345155247149,11.912389900189936,0.8,5,4.196945094059334,1.0,-25.29070636196152,0.0,8.932836892421523,1.0,-8.20827185831291,1.0,-8.417529542442175,1.0
577,2.861075222200035,7.607880005891613,1.0,5,6.5095881993481814,1.0,-1.6288513543865903,1.0,-9.89985074626866,1.0,10.198458993104882,1.0,9.126031019202362,1.0
578,3.4721981816789325,8.541078391447765,1.0,5,1.020512871609995,1.0,9.481343139285961,1.0,9.0992725504249,1.0,10.033130668829733,1.0,-12.27326832175593,1.0
579,-9.798194513691445,17.491925624201112,0.6,5,-33.37519890032844,0.0,-9.379583666933549,1.0,9.495964512899997,1.0,9.368426109660575,1.0,-25.10058062375581,0.0
580,2.980365380378609,4.710269814848533,1.0,5,10.587144424131628,1.0,0.10436555939325487,1.0,-3.567142280117137,1.0,4.26198459258022,1.0,3.515474605905079,1.0
581,4.9389360697410325,4.029217245086398,1.0,5,5.13735823768794,1.0,-2.1529495512225285,1.0,10.067910576591093,1.0,7.040945870757492,1.0,4.601415214891168,1.0
582,5.55575040691876,8.35797355860504,1.0,5,9.936459323706162,1.0,10.371370205669816,1.0,10.352046596619461,1.0,-11.08412394894135,1.0,8.202999857539712,1.0
583,-7.953922845315674,16.739804190429215,0.6,5,-28.554423844131755,0.0,8.94739289446186,1.0,4.514623324237748,1.0,3.4277313647821375,1.0,-28.104937965928357,0.0
584,-7.296656966876908,14.633741941358219,0.8,5,-35.68482612262932,0.0,3.763416800183105,1.0,-3.374537638062865,1.0,3.723478222613286,1.0,-4.91081609648875,1.0
585,-4.461925164420187,15.052669439183147,0.8,5,6.904071304724753,1.0,6.11064997186269,1.0,-15.34725734530571,1.0,8.884339877649737,1.0,-28.861429631032404,0.0
586,7.070462835369552,1.998779083985845,1.0,5,6.986221148684917,1.0,8.73653568512869,1.0,5.7875928213574905,1.0,4.13689808707124,1.0,9.705066434605426,1.0
587,3.878054816750918,5.60258299790557,1.0,5,6.923365194595683,1.0,-6.6367662619314025,1.0,8.45052746294682,1.0,7.776612903225807,1.0,2.876534784917684,1.0
588,-1.863682110769286,12.190838846461578,1.0,5,9.614460875640429,1.0,8.15253658285243,1.0,-20.49250734154971,1.0,5.644231308560136,1.0,-12.237131979349714,1.0
589,4.8527033314289065,3.259866342315362,1.0,5,10.153880075727901,1.0,5.613027606247728,1.0,5.682746560370324,1.0,1.3136248618573987,1.0,1.5002375529411793,1.0
590,-0.24094896044455894,11.37610494414378,0.6,5,7.01260285906625,1.0,-14.32505747824327,0.0,-13.890362240545922,0.0,9.797016583480922,1.0,10.201055474019228,1.0
591,-1.5088994816763517,8.921946269157546,1.0,5,9.42901182095896,1.0,8.830729377771535,1.0,-6.8427374549136175,1.0,-12.301136211537607,1.0,-6.6603649406610295,1.0
592,5.649739708457778,3.017009986708277,1.0,5,2.145623396613649,1.0,10.7439224608664,1.0,3.09493674791731,1.0,6.512792098627067,1.0,5.751423838264467,1.0
593,-0.21457576973010006,9.068288719291365,1.0,5,-8.944861119589786,1.0,10.58701310745641,1.0,-11.679592464864466,1.0,9.103404355108877,1.0,-0.13884272676153486,1.0
594,-2.1840668311226623,8.326619683406907,1.0,5,-12.080109909792563,1.0,2.3570316881660123,1.0,-10.22543558836107,1.0,-1.5569692095588312,1.0,10.585148863933142,1.0
595,5.754989371030709,4.801498426344584,1.0,5,0.6419002375296934,1.0,10.606904092790353,1.0,8.492188746438746,1.0,9.762430563833592,1.0,-0.7284767854388328,1.0
596,7.007296468874,4.377142533790665,1.0,5,5.7764333641270005,1.0,8.977389685126841,1.0,-0.9905593544015243,1.0,10.85,1.0,10.423218649517684,1.0
597,0.9446674696139012,13.074647228616637,0.8,5,-25.090943524678938,0.0,6.506017960129566,1.0,7.281306263770854,1.0,9.725374441246709,1.0,6.3015822076013155,1.0
598,6.7446240961007025,5.365998794002419,1.0,5,9.591724216610892,1.0,8.887877091203453,1.0,8.801128082636662,1.0,-3.9276469008967076,1.0,10.370037990949214,1.0
599,8.212285705921893,2.1404864539406603,1.0,5,9.709544256659983,1.0,9.054601194489933,1.0,10.583137226558735,1.0,4.583860191037398,1.0,7.130285660863423,1.0
600,8.849709202828585,1.126653043992595,1.0,5,10.222786255968542,1.0,7.61413948172994,1.0,10.20095179128462,1.0,8.12427602689154,1.0,8.086392458268284,1.0
601,-0.5783655006009105,12.991296801068712,0.8,5,6.804018606555513,1.0,-0.54377206127206,1.0,-25.516395377927896,0.0,5.539321329639891,1.0,10.825,1.0
602,1.9028731401827848,10.321994940437493,1.0,5,8.198974821367813,1.0,-16.870629577553455,1.0,-1.596254962155296,1.0,10.509182182118574,1.0,9.273093237136289,1.0
603,-11.48035661535566,10.600442042752624,0.8,5,-6.069037559714257,1.0,-2.017884632243357,1.0,-11.580602387034403,1.0,-5.946462887173288,1.0,-31.787795610613,0.0
604,0.40847807232851635,14.10834684746323,0.8,5,8.661112440191387,1.0,0.39484687055169765,1.0,10.231804416128469,1.0,9.646132106564131,1.0,-26.891505471793103,0.0
605,6.6984034256151235,3.59875362441047,1.0,5,9.328714480064951,1.0,8.77981154885507,1.0,5.947558587700885,1.0,9.466456094034822,1.0,-0.03052358258011978,1.0
606,4.242565795363565,5.761024263427215,1.0,5,8.999703493670888,1.0,6.666258571529562,1.0,-2.816902458191107,1.0,10.8,1.0,-2.4362306301915186,1.0
607,-2.4332383340326804,14.058805486914553,0.8,5,-4.974504184100423,1.0,0.5538143971038725,1.0,-28.04810723096804,0.0,10.093470644332035,1.0,10.209134703469152,1.0
608,-0.04607185152300133,13.261917529168317,0.8,5,7.270663763355539,1.0,9.94799139889042,1.0,7.692900254452925,1.0,0.7019315783627675,1.0,-25.84384625267666,0.0
609,0.8226473227966121,5.7275109360454595,1.0,5,6.301357232132711,1.0,0.30602029043166823,1.0,7.579584910122987,1.0,-8.152534263253091,1.0,-1.9211915554512142,1.0
610,7.601612242998959,2.6025751116990175,1.0,5,9.10698420974229,1.0,2.8958236722544264,1.0,6.754651442307699,1.0,10.148951928087545,1.0,9.101649962602842,1.0
611,3.3319529354240074,5.37697264735985,1.0,5,5.582620175250417,1.0,0.5073976505563902,1.0,5.053345118403121,1.0,-5.2384854706993735,1.0,10.754887203609483,1.0
612,2.070584613885518,7.259492874617913,1.0,5,9.092353762548116,1.0,1.440121260891278,1.0,9.90851208833869,1.0,-10.100207015378276,1.0,0.012142973027781778,1.0
613,-3.4743623204215703,11.643636018579128,0.6,5,8.835964660376254,1.0,-3.6247494445032267,1.0,-16.271039717804808,0.0,10.304074470616227,1.0,-16.616061570792297,0.0
614,3.301177572854519,3.9226573397719156,1.0,5,7.4674074393717085,1.0,2.017655184523985,1.0,-3.7156475375677225,1.0,5.094372302704896,1.0,5.642100475239729,1.0
615,6.936180126142256,5.016573616814571,1.0,5,7.631053932584269,1.0,10.875,1.0,8.821484787661104,1.0,-2.843666401387038,1.0,10.197028311852948,1.0
616,7.999144093716234,2.0043888222888664,1.0,5,4.877048097251582,1.0,7.85041357219797,1.0,9.468438368154661,1.0,10.707765809589993,1.0,7.092054621386966,1.0
617,6.565332782318339,2.4226844930213267,1.0,5,9.48582909127564,1.0,8.027755328849882,1.0,6.107692371821592,1.0,2.2825984984386443,1.0,6.9227886212059335,1.0
618,3.1374211595659576,4.115469048660927,1.0,5,3.0782839690901245,1.0,4.3265348756406175,1.0,-3.0713323487086246,1.0,1.6879294277719303,1.0,9.665689874035738,1.0
619,7.065289374760047,4.09587953645717,1.0,5,7.876499523272948,1.0,9.537635929508157,1.0,10.369471921285392,1.0,-0.9452427344363734,1.0,8.488082234170115,1.0
620,-0.5111520981470713,12.49669508068888,0.8,5,9.662848878117426,1.0,-24.792750155872803,0.0,2.705768209408194,1.0,1.9276398452449115,1.0,7.9407327323669135,1.0
621,5.713219175680056,5.976898139232507,1.0,5,10.518522835394863,1.0,-5.612590188044962,1.0,4.994408117668962,1.0,9.848199252689867,1.0,8.817555860691549,1.0
622,0.8359006229622257,13.972929451574325,0.8,5,9.856974057559789,1.0,0.5642713276580338,1.0,-26.152807397922075,0.0,9.824184173591462,1.0,10.086880953923918,1.0
623,4.503992169175649,3.2486138247481366,1.0,5,7.729621924134786,1.0,4.914764014770056,1.0,6.080360825541547,1.0,-1.716435921814261,1.0,5.511650003246119,1.0
624,2.079763064501487,13.794195240636016,0.8,5,8.223273767974312,1.0,9.14007081699608,1.0,10.437678571428572,1.0,-25.456692611409093,0.0,8.054484777517565,1.0
625,7.911440250688457,0.8050240797180056,1.0,5,8.14520502401182,1.0,9.014105396479302,1.0,8.212508775039886,1.0,7.61156462585034,1.0,6.573817432060933,1.0
626,2.6234749568925966,5.897483387656494,1.0,5,-6.271329176340057,1.0,8.085471824153453,1.0,-1.445480668030262,1.0,9.556806565240201,1.0,3.191906239439648,1.0
627,6.522437257519414,5.441690301690711,1.0,5,8.027251071048621,1.0,10.001848104680965,1.0,8.674980792579767,1.0,10.150893731400593,1.0,-4.242787412112872,1.0
628,4.909961820058144,6.350634198251973,1.0,5,10.49201216117216,1.0,9.673681623684514,1.0,-7.100383416340341,1.0,6.783081582548499,1.0,4.701417149225886,1.0
629,1.907010846118974,6.928582676170489,1.0,5,4.107763963438685,1.0,3.3735638501565557,1.0,7.253053655264923,1.0,6.451076525100917,1.0,-11.65040376336621,1.0
630,0.9575438964758568,7.857275336809568,1.0,5,9.436710100863857,1.0,-2.5662393071000835,1.0,-2.113015393592006,1.0,10.339035286500486,1.0,-10.30877120429297,1.0
631,4.735401493516839,3.746886915835185,1.0,5,6.188809826344768,1.0,3.239229761280792,1.0,8.177229681474076,1.0,-1.874420106711602,1.0,7.946158305196164,1.0
632,1.601609832276409,5.987175536865692,1.0,5,8.806991126186315,1.0,6.829427722772275,1.0,3.08650761299604,1.0,-6.036453405242698,1.0,-4.678423895329885,1.0
633,-2.979870533758315,13.07848767032128,0.8,5,-8.705322553938363,1.0,10.34481730396686,1.0,-25.63888357362746,0.0,1.5436269708151595,1.0,7.556409183992226,1.0
634,-2.785351341919365,12.951239715624675,0.8,5,10.187049325680153,1.0,1.646189299214889,1.0,-27.20328670458244,0.0,-3.146021289607459,1.0,4.589312659698027,1.0
635,-3.776249467948543,7.917286129604252,1.0,5,-6.678523303294844,1.0,-16.816391650713264,1.0,-3.1198375190904475,1.0,0.8929704732107933,1.0,6.840534660145048,1.0
636,2.535297018392302,1.9877396272782302,1.0,5,4.668070803654383,1.0,2.5520089759281923,1.0,-0.9718415454493226,1.0,4.210343616273874,1.0,2.2179032415543825,1.0
637,7.168331728537323,5.142750160806413,1.0,5,-3.0156866277239534,1.0,10.468952399405799,1.0,10.536818803752933,1.0,9.157158935634664,1.0,8.694415131617177,1.0
638,4.684450193352528,5.367821407498452,1.0,5,-4.878280282711733,1.0,9.835226409582237,1.0,2.614271209226632,1.0,8.556609836971539,1.0,7.294423793693966,1.0
639,3.1499430837058475,4.272268818748911,1.0,5,6.046078236036395,1.0,5.158483004009682,1.0,-0.4832919079927258,1.0,8.207679656827104,1.0,-3.1792335703512187,1.0
640,3.5249994150426494,6.396906408870226,1.0,5,7.334687453683119,1.0,9.487805293501049,1.0,3.824861521270652,1.0,5.6901124650642805,1.0,-8.712469658305853,1.0
641,2.6929842676823066,7.364840386834556,1.0,5,9.996928268925357,1.0,-2.4964924766165097,1.0,-9.176489854575099,1.0,8.679903617554457,1.0,6.461071783123328,1.0
642,2.378658913216075,6.878209591176537,1.0,5,4.488690257558793,1.0,-11.0944343686239,1.0,8.21817757009346,1.0,4.360168509391236,1.0,5.920692597660788,1.0
643,-4.399109836916544,10.714524575924065,1.0,5,6.658646556210963,1.0,-14.286752885980626,1.0,3.2795935838251618,1.0,-20.133965991902823,1.0,2.486929553264602,1.0
644,-8.443370693355519,19.773015350938316,0.6,5,-32.83650895251275,0.0,7.568873453853474,1.0,7.166182469559102,1.0,8.35869782046546,1.0,-32.474098258142874,0.0
645,4.395077856456463,7.158279511379672,1.0,5,7.88692811168807,1.0,-9.70478753883327,1.0,7.547312254001575,1.0,10.056189698168371,1.0,6.189746757257569,1.0
646,4.237095221375868,3.9876235201919004,1.0,5,-3.1377843978392104,1.0,7.876500416538782,1.0,7.132757010614326,1.0,5.908817678036691,1.0,3.405185399528751,1.0
647,2.492496951591634,5.722561731850271,1.0,5,10.505435988462393,1.0,2.269638164979538,1.0,-2.708519093138486,1.0,-4.679088460403957,1.0,7.075018158058683,1.0
648,-6.630547634117998,18.767599622414437,0.6,5,9.665571496512365,1.0,-29.326517253678094,0.0,7.29244131566493,1.0,9.079593573912002,1.0,-29.863827303001194,0.0
649,-1.0160781010670348,12.439542970898504,0.8,5,6.279662209918717,1.0,4.061611165316255,1.0,8.028030369428985,1.0,2.1234203769461857,1.0,-25.57311462694532,0.0
650,0.6656277235290323,7.322477681453208,1.0,5,8.015111612609775,1.0,4.453899829233733,1.0,-6.356609051803687,1.0,-9.816706636370371,1.0,7.032442863975711,1.0
651,0.9185106037481205,14.022750245649384,0.8,5,1.0046966437811253,1.0,9.602115794165718,1.0,-26.24928259147789,0.0,9.646889722934212,1.0,10.588133449337437,1.0
652,0.5505344324345215,13.74355934412946,0.8,5,8.48656937841169,1.0,9.810490693151825,1.0,-26.52917855607238,0.0,8.094782971619367,1.0,2.8900076750621073,1.0
653,4.397776823517241,5.251586115491935,1.0,5,-4.752336144247915,1.0,9.354647984345986,1.0,2.5993375991348273,1.0,5.342259230521756,1.0,9.444975447831553,1.0
654,3.4422495754967266,6.409243145319827,1.0,5,6.370335629488495,1.0,-8.332803983228507,1.0,10.094497392128972,1.0,6.938110614060183,1.0,2.1411082250344897,1.0
655,7.6227246338023305,2.608517978375891,1.0,5,9.820281303919153,1.0,7.590890581286914,1.0,6.3812241945446875,1.0,10.85,1.0,3.4712270892609016,1.0
656,4.2488613432719635,8.470122326942104,1.0,5,10.73026565026565,1.0,4.694758161066323,1.0,-12.20682751703495,1.0,8.61140043541069,1.0,9.414709986652104,1.0
657,5.04615143636318,2.3636499043379247,1.0,5,1.5597767486046799,1.0,3.2424939880536803,1.0,8.249307388328276,1.0,6.299924428752777,1.0,5.87925462807649,1.0
658,0.04809523459023683,7.2021595154913705,1.0,5,-11.971743408837742,1.0,3.714901858787628,1.0,6.030687638270147,1.0,-4.371710057736896,1.0,6.8383401424680486,1.0
659,7.197170564862749,2.3944902831334747,1.0,5,10.85,1.0,7.674596191058153,1.0,5.6030755011814914,1.0,8.090065766086028,1.0,3.7681153659880753,1.0
660,4.445898046675909,5.318079637171714,1.0,5,-2.5871554897305735,1.0,6.578014939015681,1.0,-1.173221831317143,1.0,9.211058733995882,1.0,10.200793881415699,1.0
661,9.169558277541247,1.027204746066507,1.0,5,7.690552185735202,1.0,10.188720258163952,1.0,9.523416927899687,1.0,10.202031836243608,1.0,8.243070179663793,1.0
662,0.8946658834421697,14.814314468173674,0.8,5,8.225890273073917,1.0,10.036617025427587,1.0,4.698530931147036,1.0,9.990865080262266,1.0,-28.478573892699956,0.0
663,6.586548763496916,5.996951914400449,1.0,5,10.139399500839106,1.0,9.70466738316718,1.0,-5.275746286631874,1.0,7.90104531568228,1.0,10.463377904427883,1.0
664,1.9767469520645875,7.1162048008842,1.0,5,6.902278458720765,1.0,7.7825917861701335,1.0,8.021920799407846,1.0,-3.4146369170467743,1.0,-9.408419366929035,1.0
665,1.7004020676179472,8.269545443836764,1.0,5,9.53199641457024,1.0,-0.034923067244264416,1.0,-13.49076108537392,1.0,7.898863886663996,1.0,4.596834189473683,1.0
666,7.076155975244449,3.304217290165615,1.0,5,10.30028898007034,1.0,9.81177948348663,1.0,9.120867592755408,1.0,2.576936363897424,1.0,3.570907456012444,1.0
667,-5.7873684071013844,16.86579441829644,0.6,5,9.018532358516111,1.0,-25.376158180136986,0.0,6.499106250221576,1.0,8.35260176436344,1.0,-27.43092422847106,0.0
668,7.53870481161929,1.2905643049101014,1.0,5,5.14633927197168,1.0,9.028930671471928,1.0,7.639752180246306,1.0,7.777216833976835,1.0,8.101285100429699,1.0
669,-1.149695610904918,6.269599416565645,1.0,5,3.5514881521116006,1.0,-9.405718307018024,1.0,5.090968902724776,1.0,3.1520183177717973,1.0,-8.13723512011474,1.0
670,8.331335390450374,1.1809566474613198,1.0,5,7.046983706451185,1.0,9.165876929620454,1.0,10.22422923293143,1.0,7.571181309065453,1.0,7.648405774183345,1.0
671,1.5541132851722943,8.262070610785791,1.0,5,10.559709283903675,1.0,-12.37906112406113,1.0,4.856751904012254,1.0,7.555384052478897,1.0,-2.8222176904722254,1.0
672,3.3905980370550517,8.627093713403779,1.0,5,-13.755982837127847,1.0,9.483517549780627,1.0,7.3821635579622935,1.0,6.661231194350631,1.0,7.182060720309555,1.0
673,2.1093774575052677,6.656097059810063,1.0,5,0.2778391587677742,1.0,8.723689970984744,1.0,-8.73765039032603,1.0,0.7614997884642509,1.0,9.5215087596356,1.0
674,4.370093915955499,8.125817011547799,1.0,5,10.728439672379379,1.0,4.907934437242407,1.0,-11.432709247767528,1.0,8.95412598489156,1.0,8.692678733031675,1.0
675,0.15261329641725857,13.818761291715484,0.8,5,8.404638086362224,1.0,9.709428175359555,1.0,-26.285098428151727,0.0,9.90675872434362,1.0,-0.9726600758273811,1.0
676,-6.320388662059528,14.686088152803562,0.8,5,9.300479199970258,1.0,8.949360844283099,1.0,-29.24469760820046,0.0,-14.992582636973633,1.0,-5.614503109376905,1.0
677,-2.1178808984085213,7.224213452706769,1.0,5,-10.3820833470598,1.0,2.768573341756161,1.0,-6.376708646889323,1.0,9.493851855440363,1.0,-6.093037695290008,1.0
678,4.555290641322357,9.174508911229605,1.0,5,8.794798331298331,1.0,10.324462385713522,1.0,6.933616953047755,1.0,-13.622074485179603,1.0,10.345650021731782,1.0
679,2.8712716815849673,8.836623663018736,1.0,5,3.754814966970124,1.0,9.720721804341443,1.0,-14.356268446943071,1.0,8.279084781306171,1.0,6.95800530225017,1.0
680,5.8604918978203,4.115391229167799,1.0,5,6.947620790127688,1.0,9.196493222175539,1.0,2.8612058116334946,1.0,-0.43542907949790965,1.0,10.732568744662682,1.0
681,6.56084102963482,6.514890360069314,1.0,5,-6.301235412193073,1.0,10.586313005600498,1.0,10.122982609915153,1.0,10.609227139756534,1.0,7.786917805094989,1.0
682,2.7403910366993713,5.420064025352613,1.0,5,8.953483820388744,1.0,-2.184096867469881,1.0,-3.8831749298409655,1.0,9.00855457961697,1.0,1.8071885808019896,1.0
683,7.988769558184623,2.811433932901868,1.0,5,10.567674025074993,1.0,8.303820660028906,1.0,2.6756689430389553,1.0,10.097127045881406,1.0,8.29955711689885,1.0
684,0.3932417884218836,7.815686256155025,1.0,5,-5.0732552327397755,1.0,9.024230341869298,1.0,-1.0102149948647696,1.0,9.450729559448236,1.0,-10.425280731603571,1.0
685,7.211002574255673,3.035463320713277,1.0,5,10.445735846105723,1.0,6.832571984130102,1.0,2.571050937441213,1.0,5.61851368429367,1.0,10.587140419307655,1.0
686,3.722127829436522,7.132739860205632,1.0,5,9.823748140519509,1.0,9.81966009660583,1.0,8.961527194860814,1.0,-4.513740064025789,1.0,-5.480556220777752,1.0
687,-3.085863374361664,12.050551897711252,0.8,5,-25.268568165743243,0.0,10.201413138686132,1.0,-2.082247573658522,1.0,-2.69715402600111,1.0,4.417239754908421,1.0
688,3.076742568872291,9.470904024980598,1.0,5,10.7304212946221,1.0,-15.241063255335547,1.0,8.813061412487206,1.0,7.699617055947853,1.0,3.381676336639843,1.0
689,4.890856099345512,6.38572945889708,1.0,5,-7.173091161431701,1.0,9.02488506554307,1.0,8.80479025484756,1.0,9.888475213407471,1.0,3.9092211243611574,1.0
690,9.54852244333453,0.6548075605148312,1.0,5,10.368123877469566,1.0,9.359545484303904,1.0,9.452214868129657,1.0,8.479995326398312,1.0,10.082732660371216,1.0
691,8.44074893199854,2.2285651850649812,1.0,5,9.96778276884377,1.0,6.663140918338439,1.0,4.939324324324322,1.0,10.46178212838773,1.0,10.17171452009844,1.0
692,2.295001980844536,8.990620338408005,1.0,5,9.22830328276548,1.0,8.717663411866583,1.0,-14.281017191977067,1.0,-0.2714653511394616,1.0,8.081525752707146,1.0
693,4.5476792525183685,6.702672272994629,1.0,5,-7.545692122249006,1.0,8.129431110267843,1.0,9.560024994254194,1.0,10.438839537741176,1.0,2.155792742577635,1.0
694,1.5864428422531527,7.992600582053045,1.0,5,-6.574314939488655,1.0,8.695613589154915,1.0,9.178081143997339,1.0,-9.533771854174839,1.0,6.166606271777003,1.0
695,4.32134580473146,5.810405995037789,1.0,5,-2.027818255064453,1.0,10.875,1.0,-2.6236461780790403,1.0,4.990511266201396,1.0,10.392682190599396,1.0
696,-2.062441658161112,13.268021869100103,0.8,5,7.853345062541964,1.0,2.1681892653072286,1.0,-28.045488799293288,0.0,0.7891713090029633,1.0,6.9225748716355735,1.0
697,6.053436135800306,7.2976276958291315,1.0,5,9.211360950207713,1.0,-8.483318800231123,1.0,8.850867308058678,1.0,10.757228580266007,1.0,9.93104264070025,1.0
698,-0.5764156955400479,3.5679054349078263,1.0,5,0.5955236348818307,1.0,-0.7557382708637075,1.0,2.201282428257713,1.0,2.4077647857180127,1.0,-7.330911055694088,1.0
699,4.399614733115884,2.769910499645035,1.0,5,4.702405467468559,1.0,8.557400486018414,1.0,0.4278504837912305,1.0,2.5600947733572355,1.0,5.750322454943984,1.0
700,-0.615050742382051,13.98052845825505,0.8,5,8.754099122939664,1.0,-26.5427294920122,0.0,-4.159173259749494,1.0,8.289260527257545,1.0,10.58328938965423,1.0
701,1.4551871258175146,6.849343272517162,1.0,5,8.288892476104516,1.0,8.958698205079243,1.0,-7.890826313778266,1.0,-5.025466949500483,1.0,2.944638211182564,1.0
702,0.014933011760460958,6.470528943954878,1.0,5,8.02572960207323,1.0,-11.464264595024709,1.0,-0.28804811520125817,1.0,3.659945709360377,1.0,0.14130245759466398,1.0
703,4.616110543261238,3.7170954451675415,1.0,5,4.45152497749161,1.0,2.2924543409565574,1.0,-0.954822508999003,1.0,8.916882136535591,1.0,8.374513770321432,1.0
704,4.791941470435908,8.293311289449544,1.0,5,6.664524054210291,1.0,10.607958264846708,1.0,8.574346564885495,1.0,-11.584610613723349,1.0,9.697489081960395,1.0
705,8.801534786138873,1.0589667569076886,1.0,5,9.85914846045739,1.0,7.458781290828324,1.0,9.838068301842506,1.0,7.610724033705807,1.0,9.240951843860337,1.0
706,1.7463448569671367,7.808069503405798,1.0,5,7.897490552202605,1.0,-7.634144717516881,1.0,-7.990934896564649,1.0,7.986461676048188,1.0,8.47285167066642,1.0
707,3.121222499294304,3.64434914738941,1.0,5,4.6434224049331965,1.0,-2.580644048485624,1.0,7.064090016464009,1.0,0.4108601693414098,1.0,6.06838395421853,1.0
708,5.435190741476017,6.835912073986171,1.0,5,-7.945019705059753,1.0,6.0998163838417785,1.0,9.950459705608825,1.0,9.246846649689639,1.0,9.823850673299596,1.0
709,5.03513287237204,4.009707116963341,1.0,5,7.872511895395451,1.0,4.3520561054992495,1.0,7.321950331396776,1.0,-2.513660087109626,1.0,8.142806116678354,1.0
710,2.055079319642486,9.580932347558083,1.0,5,9.8721070450199,1.0,-12.300527659856717,1.0,10.345983080030463,1.0,8.97338764768464,1.0,-6.615553514665857,1.0
711,0.5201816549626228,6.879632213723495,1.0,5,-0.9707489064306927,1.0,-5.023774568919924,1.0,-8.129612249597054,1.0,6.650091903952402,1.0,10.074952095808383,1.0
712,3.9019877308526354,7.451581532920468,1.0,5,8.381632198682489,1.0,9.076608401773385,1.0,10.114087124036788,1.0,1.7275154967331208,1.0,-9.789904566962601,1.0
713,0.5373474765747417,4.798517536683144,1.0,5,5.671859064252931,1.0,-4.237141413489857,1.0,-5.5674181463837105,1.0,0.9398302379570485,1.0,5.879607640537296,1.0
714,3.911478325766896,3.1410826329211754,1.0,5,5.401590738579527,1.0,9.052846901291623,1.0,3.2419544487351253,1.0,-0.17791490444239777,1.0,2.0389144446706027,1.0
715,6.991610456484622,1.1609941126592234,1.0,5,7.226321608141671,1.0,5.522583154167195,1.0,6.177432472765259,1.0,7.076348021324129,1.0,8.955367026024858,1.0
716,-15.206324478767769,20.81772103558539,0.4,5,-34.949070834708536,0.0,10.825,1.0,-26.18412624266379,0.0,-34.861429895484136,0.0,9.138004579017624,1.0
717,7.699815198137953,2.4397914765796913,1.0,5,7.269157060839379,1.0,9.697110479424614,1.0,3.1565126325309327,1.0,8.68001866588968,1.0,9.69627715200516,1.0
718,4.780741208886416,3.366532406149939,1.0,5,0.7865509347577273,1.0,10.221482859420675,1.0,5.391439431812305,1.0,1.6756547218753042,1.0,5.828578096566067,1.0
719,4.845838625233979,5.096690485306527,1.0,5,-2.2614853207816754,1.0,9.73049850988892,1.0,-0.36721545461216465,1.0,9.149542673441873,1.0,7.977852718232944,1.0
720,-5.023494381725702,12.679679241114052,0.8,5,9.874678155565904,1.0,-25.798325153884523,0.0,-10.646471036732494,1.0,5.853872281014617,1.0,-4.401226154592013,1.0
721,-0.769319275775794,5.729247189295705,1.0,5,-9.549921262610289,1.0,-2.9397995265293826,1.0,-2.0930616153827035,1.0,3.752008542871663,1.0,6.984177482771742,1.0
722,7.618414565404964,3.3120515349760207,1.0,5,7.315065631735729,1.0,10.200165186224092,1.0,10.463424765127028,1.0,1.3911791724737395,1.0,8.722238071464233,1.0
723,3.8649636866104133,5.8079692368968985,1.0,5,8.329108762497825,1.0,9.737646477841144,1.0,7.650789694825297,1.0,-3.503270446320869,1.0,-2.889456055791335,1.0
724,4.347110367703868,6.762096108213298,1.0,5,2.671862397582662,1.0,-8.1482625120718,1.0,8.00546343837682,1.0,10.328325493034196,1.0,8.878163021597462,1.0
725,-5.864367105836368,13.609083777676007,0.8,5,-28.000628217903994,0.0,-13.989876935006746,1.0,-2.165359662937435,1.0,8.74460304650459,1.0,6.089426240161744,1.0
726,6.626119607386622,2.445091239329129,1.0,5,5.284146790241243,1.0,2.9355910308016933,1.0,6.9121263923896255,1.0,7.749355269751128,1.0,10.249378553749414,1.0
727,7.961715317019101,1.3074327913111006,1.0,5,9.28328579264948,1.0,9.012815648253437,1.0,5.625877734155918,1.0,7.597808810891492,1.0,8.288788599145176,1.0
728,6.224042181862904,3.788481089010969,1.0,5,1.85920291538417,1.0,10.319696535605233,1.0,9.369860071491857,1.0,8.095035256215429,1.0,1.4764161306178298,1.0
729,3.2661976627654825,7.474600458647204,1.0,5,-10.66561146980631,1.0,6.988633944140232,1.0,7.705773976293104,1.0,1.965327864682692,1.0,10.336863998517694,1.0
730,0.23835363993910352,3.2015747416386704,1.0,5,1.3579885676202164,1.0,-3.3450725495240565,1.0,-3.7685167000060638,1.0,3.7619012009970563,1.0,3.1854676806083653,1.0
731,1.7500469128711245,6.912233822987251,1.0,5,9.895858738797724,1.0,9.284378776764818,1.0,-5.971477958483025,1.0,1.2695031496761562,1.0,-5.728028142400051,1.0
732,6.754820648580858,3.47730802477266,1.0,5,8.737807568149211,1.0,8.805231451870801,1.0,0.8157115732768165,1.0,4.947871130361986,1.0,10.467481519245476,1.0
733,6.415020122378806,3.979397487161378,1.0,5,1.1156630622764752,1.0,2.1259018160709857,1.0,8.827030516894688,1.0,10.7548115942029,1.0,9.251693622448979,1.0
734,5.473752574313439,4.730238822530117,1.0,5,-2.475769756319748,1.0,9.691954596267951,1.0,6.657348264540339,1.0,10.369859621539671,1.0,3.12537014553898,1.0
735,2.58328774621222,8.286861040829146,1.0,5,-10.736246400594483,1.0,9.732031488292813,1.0,8.630785191985058,1.0,-3.610702298226226,1.0,8.900570749603936,1.0
736,2.140490094456653,7.27473178906757,1.0,5,2.051686577411603,1.0,9.977900710846137,1.0,9.297746236814033,1.0,-9.832232827015664,1.0,-0.7926502257728423,1.0
737,6.293380132892434,4.615176592367743,1.0,5,-1.4265595067225156,1.0,9.518374809047454,1.0,9.569583558079767,1.0,3.365446713709292,1.0,10.44005509034817,1.0
738,-3.0920761131516654,12.37289233478332,0.8,5,2.966672381698837,1.0,0.5813346755092343,1.0,-0.7046057248748134,1.0,-26.98580831104245,0.0,8.682026412950867,1.0
739,5.620830444855312,3.736235845516289,1.0,5,8.641166545329964,1.0,4.612873084610259,1.0,9.622599179907741,1.0,-0.9611380696034608,1.0,6.188651484032057,1.0
740,6.217573817155482,6.880924333712858,1.0,5,10.450032816229117,1.0,-7.492652605237286,1.0,10.126747791952896,1.0,9.182595521150125,1.0,8.82114556168256,1.0
741,6.721626150981363,3.4918001946620065,1.0,5,0.759607011216886,1.0,10.245877468910022,1.0,10.216914344354295,1.0,5.860368446779909,1.0,6.525363483645707,1.0
742,3.949316926603495,7.21719345843384,1.0,5,9.018860053393285,1.0,-9.339848834092745,1.0,8.861864467005077,1.0,9.38013635183101,1.0,1.8255725948808461,1.0
743,5.452722673757807,4.855049018583591,1.0,5,7.18904229848364,1.0,10.128319541243934,1.0,4.8402036282858205,1.0,8.708907640163819,1.0,-3.602859739388176,1.0
744,1.780372424084264,5.960028855634708,1.0,5,3.398555753331614,1.0,4.189747817498247,1.0,10.731408129406885,1.0,-3.1527892133044784,1.0,-6.265060366510946,1.0
745,-5.611544951252913,11.275237430284507,1.0,5,-11.655546458182473,1.0,5.930465722931375,1.0,8.012217567910637,1.0,-22.15379704811805,1.0,-8.191064540806057,1.0
746,-7.205003931157272,15.461591367271469,0.6,5,2.0502699686141543,1.0,-26.428056888411188,0.0,-25.588043979494213,0.0,7.3561157985896335,1.0,6.584695444915255,1.0
747,3.1224757457247465,5.4061833996573,1.0,5,8.819060979352066,1.0,10.31784166530077,1.0,-2.3114131565974727,1.0,0.9052689886028542,1.0,-2.1183797480344833,1.0
748,4.723212198528747,4.399969649793778,1.0,5,10.730620169304379,1.0,3.479700496545199,1.0,1.0460443270709359,1.0,-0.5662735670367418,1.0,8.925969566759965,1.0
749,6.229000600598333,3.8462520579128916,1.0,5,8.855928758881136,1.0,9.678564046086073,1.0,7.677913390455755,1.0,-1.0517146032511189,1.0,5.98431141081982,1.0
750,5.543173234512141,7.22900698866605,1.0,5,9.371276454689173,1.0,6.81696388390441,1.0,-8.680129659058084,1.0,9.357755493025204,1.0,10.85,1.0
751,3.031926022851805,6.065564705964437,1.0,5,8.85890345461333,1.0,8.704186777349541,1.0,5.302440665843034,1.0,-6.842004148447144,1.0,-0.863896635099735,1.0
752,-2.9228907944984592,16.908372947275485,0.8,5,1.8546011539518297,1.0,-36.46140292464641,0.0,5.789905055363494,1.0,5.531079268292682,1.0,8.671363474546101,1.0
753,3.7562734865725433,5.543214841665966,1.0,5,-0.16663755214540643,1.0,-2.998851677253784,1.0,10.464131130805995,1.0,10.19886732769633,1.0,1.2838582037595785,1.0
754,7.6144019212579535,3.0086883163588958,1.0,5,2.523198868807696,1.0,9.946740851063831,1.0,5.841247089913798,1.0,10.373968671844148,1.0,9.386854124660296,1.0
755,6.541907354426163,3.7943834817996036,1.0,5,8.170441085622505,1.0,8.825125227936816,1.0,-1.0033965027716398,1.0,7.8162063936111705,1.0,8.901160567731967,1.0
756,9.472705888161649,1.2524446751419036,1.0,5,10.113039207067821,1.0,7.219005551532707,1.0,10.728677413763217,1.0,9.054509123936917,1.0,10.248298144507581,1.0
757,0.3537889554921218,13.104964657691946,0.8,5,9.682155803942301,1.0,9.226393237769669,1.0,3.3916611948173756,1.0,-25.401452115949102,0.0,4.870186656880366,1.0
758,-4.45081922572012,12.063334842323997,1.0,5,-21.438198056478843,1.0,7.232614663817197,1.0,-15.515507131537246,1.0,-1.070312826834007,1.0,8.537307222432299,1.0
759,4.600846606566663,2.5728693877468323,1.0,5,2.8226359300193975,1.0,5.170402820320176,1.0,8.35559584758502,1.0,0.8506621836558015,1.0,5.804936251252923,1.0
760,0.4544703749035257,7.111383501923881,1.0,5,0.3023926271637052,1.0,-4.308190789473688,1.0,7.042071855414662,1.0,-10.008930310323937,1.0,9.245008491736886,1.0
761,4.672290825937132,6.3797027022430495,1.0,5,10.466718083894692,1.0,8.493662100885746,1.0,10.484204853212002,1.0,-4.1683451788675665,1.0,-1.9147857294392185,1.0
762,1.9607891572118183,8.28764106394854,1.0,5,0.674977961363119,1.0,8.426668453908315,1.0,-13.5561451812387,1.0,5.431663228059039,1.0,8.82678132396732,1.0
763,-13.252691069317029,18.622860154230978,0.6,5,5.318914570858284,1.0,-14.678113597435447,1.0,9.84005562460523,1.0,-28.668032762427632,0.0,-38.07627918218559,0.0
764,0.9560036790638549,13.698238165886899,0.8,5,8.817054306088865,1.0,-25.636378262736805,0.0,1.2956899777710262,1.0,10.062216010559826,1.0,10.241436363636364,1.0
765,2.754236057541378,3.9364354763490437,1.0,5,9.823263708739601,1.0,-0.8146587358807995,1.0,-1.0022985064509538,1.0,2.323403606887018,1.0,3.441470214412025,1.0
766,2.6826787135324044,4.887697358991269,1.0,5,4.362973118832236,1.0,-6.677914900554287,1.0,6.595274564283911,1.0,2.7502671020969416,1.0,6.38279368300322,1.0
767,7.404139508406213,3.3586176147576303,1.0,5,9.612955221297417,1.0,5.391762301964956,1.0,10.173545396145611,1.0,1.7137651677949943,1.0,10.128669454828083,1.0
768,8.615795815232934,2.8526453392785314,1.0,5,10.608572247706421,1.0,3.0129085428112994,1.0,9.293646049721906,1.0,10.613840768865686,1.0,9.550011467059363,1.0
769,6.866784096691321,3.431100651163771,1.0,5,0.5603122697879979,1.0,8.60433954236006,1.0,10.731341463414635,1.0,7.885562475243167,1.0,6.552364732650739,1.0
770,4.724897881400555,4.71818732105679,1.0,5,10.485793951684007,1.0,7.91053149370126,1.0,5.856731608441636,1.0,2.5055141165628756,1.0,-3.1340817633870017,1.0
771,7.47924651558525,5.332219146522568,1.0,5,9.857862267011123,1.0,10.250653176162409,1.0,10.07796333223627,1.0,-3.1792770051438364,1.0,10.389030807660284,1.0
772,7.975130515271113,2.1901335970711036,1.0,5,4.550293823748272,1.0,9.153759735523188,1.0,6.467406157986078,1.0,8.973029356342359,1.0,10.731163502755663,1.0
773,5.6529233058071595,6.282133661592445,1.0,5,3.717180451127822,1.0,10.572694430506774,1.0,-5.872308057622298,1.0,10.107556466215572,1.0,9.73949323880793,1.0
774,6.596056708390232,2.71869063595801,1.0,5,5.262839326281006,1.0,7.513463313950907,1.0,10.629165019762846,1.0,7.18833557663898,1.0,2.38648030531742,1.0
775,3.026880391554335,5.238701898814227,1.0,5,-3.658708745754831,1.0,-2.4910487694739185,1.0,5.05291455888974,1.0,9.873453154044855,1.0,6.357791760065829,1.0
776,7.630781970670109,1.6278555650616604,1.0,5,7.738243000481971,1.0,8.360939521345408,1.0,9.731731704352056,1.0,7.570985154748492,1.0,4.752010472422618,1.0
777,5.630934142679578,1.4617031557737894,1.0,5,3.3273245274017533,1.0,4.609159149050762,1.0,7.0191729290983815,1.0,6.085325527669852,1.0,7.113688580177145,1.0
778,3.5669240365845836,8.685709128201081,1.0,5,10.644227281140108,1.0,-13.212580848603757,1.0,6.65361956776438,1.0,4.2140794096978205,1.0,9.53527477292437,1.0
779,6.176714297160647,3.4143882313427993,1.0,5,5.003529654539896,1.0,0.7203386274179451,1.0,8.871877527805864,1.0,5.680359278780458,1.0,10.60746639725907,1.0
780,8.436466204501034,2.259817192443545,1.0,5,8.97659862712397,1.0,4.077599874877111,1.0,8.803353635133224,1.0,10.436416419326214,1.0,9.888362466044644,1.0
781,6.074507506955383,4.741475771240414,1.0,5,6.503339410187667,1.0,7.973182911486087,1.0,-3.100928937115624,1.0,8.797260022244789,1.0,10.199684127973997,1.0
782,-0.9900770125380658,6.200140743663572,1.0,5,-8.278802601091263,1.0,8.202876581176742,1.0,-1.4990281178128875,1.0,-6.852034376119633,1.0,3.476603451156712,1.0
783,-4.133606656171376,5.414055033632109,1.0,5,0.14145476889302344,1.0,-0.18500650524033446,1.0,-13.829507793542184,1.0,-0.43116569704804597,1.0,-6.3638080539193425,1.0
784,1.4799763553796652,7.3603208479449345,1.0,5,0.7684476862630927,1.0,-9.24347421045677,1.0,8.828910131514856,1.0,10.342758554402153,1.0,-3.2967603848250064,1.0
785,9.071351401283419,1.1255736067744584,1.0,5,7.546149585869673,1.0,10.72847681795998,1.0,8.136033356865514,1.0,9.293141233991722,1.0,9.652956011730204,1.0
786,-1.8225905610544166,13.205239474320077,0.8,5,-26.648176460055506,0.0,3.5911943793911014,1.0,-3.5409109444123867,1.0,8.543313941568426,1.0,8.941626278236281,1.0
787,-0.9462335238573502,13.490230278184205,0.8,5,9.006125737630503,1.0,-1.7750999633162081,1.0,-26.744904497574186,0.0,9.063611983076294,1.0,5.719099120896848,1.0
788,5.98201140740481,2.721837578096924,1.0,5,8.191025691856316,1.0,8.992565405640349,1.0,1.8710280240205872,1.0,7.098670019956828,1.0,3.7567678955499684,1.0
789,8.102104620998386,2.5048236062085576,1.0,5,10.21482957368578,1.0,3.267015077325836,1.0,9.412107036514652,1.0,8.16972518534739,1.0,9.446846232118274,1.0
790,6.3289484202657205,4.531956725717836,1.0,5,7.342030460258533,1.0,8.852958448888241,1.0,9.333090812481885,1.0,-2.637169285352254,1.0,8.7538316650522,1.0
791,-0.4258436408659197,12.659328678917086,0.8,5,-25.025998874705515,0.0,0.8986586905219252,1.0,5.411255013799449,1.0,6.262699475504965,1.0,10.324167490549577,1.0
792,8.919278884336093,1.2540406169396714,1.0,5,7.969709854927463,1.0,10.065785014436502,1.0,9.182396636947383,1.0,7.035184422927621,1.0,10.3433184924415,1.0
793,-1.0992830246919887,12.86817144965254,0.8,5,2.4967119768225787,1.0,0.724369344930782,1.0,8.125723684210527,1.0,9.176097157122477,1.0,-26.019317286546308,0.0
794,5.847438852360749,4.519402409494169,1.0,5,6.447196667245269,1.0,7.473994987195555,1.0,-2.859262123793302,1.0,8.011703347456775,1.0,10.163561383699445,1.0
795,2.2622519355284325,13.679736087490054,0.8,5,9.838628541170241,1.0,9.53928750553179,1.0,8.362322346624014,1.0,-25.075451558774162,0.0,8.64647284309028,1.0
796,9.072121907144162,1.066975167515047,1.0,5,8.52415583443527,1.0,9.420363197551213,1.0,10.75536704730832,1.0,7.5127705408515535,1.0,9.147952915574459,1.0
797,4.414639285157858,4.0389871671451845,1.0,5,3.9962346498506447,1.0,1.236147683890941,1.0,-1.0465412248431054,1.0,9.412903428949274,1.0,8.474451887941536,1.0
798,8.09885849174417,1.7697037541898928,1.0,5,5.049936876558604,1.0,9.692628661454078,1.0,9.97380024968789,1.0,7.557518038617886,1.0,8.220408632402387,1.0
799,-2.901480372883184,13.553203716870343,0.8,5,-27.16964712947014,0.0,9.401960161541373,1.0,1.4055477176721478,1.0,-7.142867577941406,1.0,8.997604963782102,1.0
800,-0.30804863690351014,8.307339566437753,1.0,5,5.452580641404848,1.0,-11.698110192383044,1.0,8.339918324485152,1.0,5.351993369021654,1.0,-8.986625327046161,1.0
801,6.363243214952358,4.889601722465408,1.0,5,9.725412778176597,1.0,-3.1395618371572205,1.0,6.994054688636316,1.0,10.203635194002633,1.0,8.032675251103464,1.0
802,9.32999478065185,0.4691887925948784,1.0,5,8.613674762407603,1.0,9.499599697122665,1.0,10.062565347593583,1.0,9.286461666898568,1.0,9.187672429236832,1.0
803,9.368221174477437,0.7912716337125124,1.0,5,8.062956838672548,1.0,9.489739859695145,1.0,10.493446645858777,1.0,9.128941185808397,1.0,9.666021342352323,1.0
804,3.117651647229078,8.50859224659143,1.0,5,5.954178512139447,1.0,9.981450546290972,1.0,1.8720201941596457,1.0,10.499149491375498,1.0,-12.718540507820173,1.0
805,3.674469079207573,4.479472434915966,1.0,5,-2.1081982343499135,1.0,8.470425117384611,1.0,-0.539755150108979,1.0,3.7646201205134897,1.0,8.785253542598657,1.0
806,-0.41306438275028406,14.027916151480246,0.8,5,-3.495640543083745,1.0,-26.612728497482802,0.0,8.456795787290062,1.0,10.493279954064054,1.0,9.092971385461011,1.0
807,1.3530899417177316,9.208250025829818,1.0,5,5.359061629187998,1.0,9.97485221614462,1.0,10.345537400145243,1.0,-6.375076434771344,1.0,-12.538925102117862,1.0
808,4.95587312681187,3.7902613459238608,1.0,5,8.734469971401335,1.0,6.433200133230109,1.0,0.7504155526949852,1.0,0.12178265451046677,1.0,8.739497322222451,1.0
809,0.09349957633663308,8.355391155318884,1.0,5,-10.130600237717909,1.0,7.309286145277326,1.0,10.203967114640603,1.0,2.2442275092936796,1.0,-9.159382649810535,1.0
810,6.924288576490758,3.1699656621936603,1.0,5,8.216599803431022,1.0,8.034701888130485,1.0,0.8905788117067424,1.0,7.266240371463537,1.0,10.213322007722008,1.0
811,2.263008378974372,14.395819600934365,0.8,5,9.838293028121347,1.0,10.41677648878577,1.0,7.442593379106581,1.0,-26.45213702574527,0.0,10.069516024603432,1.0
812,5.4978789267831285,2.746631849009332,1.0,5,7.791589127372172,1.0,7.390697865570727,1.0,7.968420730878956,1.0,1.615182390172654,1.0,2.7235045199211356,1.0
813,9.07144200682551,1.4385098336210396,1.0,5,6.310290988515466,1.0,10.327238144137416,1.0,9.063240163676424,1.0,9.834528057991584,1.0,9.821912679806662,1.0
814,-0.9284908872936348,10.405150807208035,1.0,5,-2.347263506567675,1.0,1.8312210059689313,1.0,9.4942612241666,1.0,-20.112233287662832,1.0,6.491560127626801,1.0
815,4.54550430438982,6.225863234306669,1.0,5,-6.935451761824011,1.0,6.511594435386314,1.0,10.177746528182984,1.0,9.558417253521126,1.0,3.415215066682685,1.0
816,0.9753211269261982,10.780460150742751,1.0,5,-11.239677156441031,1.0,8.342398224781096,1.0,10.00036925078442,1.0,10.875,1.0,-13.101484684493492,1.0
817,0.22460206976983663,9.71287811686152,1.0,5,10.0276570265537,1.0,8.810750592289468,1.0,-7.935246120689644,1.0,4.674839383791026,1.0,-14.454990533095366,1.0
818,2.070578626236956,10.054796919251551,1.0,5,10.875,1.0,9.549151636073423,1.0,-10.134802758220596,1.0,-10.330732802676007,1.0,10.394277056007956,1.0
819,8.416754471637603,3.337490555438006,1.0,5,10.354307747921437,1.0,10.488311370604738,1.0,1.7770922944155494,1.0,9.959779906127109,1.0,9.504281039119183,1.0
820,5.895905503649137,6.511053046290557,1.0,5,8.893326410328374,1.0,8.771553044337407,1.0,10.730332366130309,1.0,-7.008281442935262,1.0,8.092597140384854,1.0
821,-5.080038427928902,14.846438946777866,0.6,5,-23.029699263249135,0.0,8.486265914351852,1.0,9.95612643678161,1.0,-22.916866116809214,0.0,2.103980889280381,1.0
822,3.736205889302492,5.413219892084091,1.0,5,3.613509600839965,1.0,8.680547708489858,1.0,-4.8521215463809195,1.0,1.080832091600655,1.0,10.158261591962905,1.0
823,-11.350058397003426,15.315483992111519,0.6,5,9.681338000351124,1.0,2.2879458663006647,1.0,-28.43783616638425,0.0,-27.139318742693867,0.0,-13.142420942590807,1.0
824,-4.638307781048433,16.988510747471913,0.6,5,-25.440811162232453,0.0,8.73284624009127,1.0,9.076254519505234,1.0,-25.43900509398199,0.0,9.87917659137577,1.0
825,2.7902706666790147,4.963278604784625,1.0,5,0.504770698504796,1.0,6.560401177769599,1.0,-0.7628638654869757,1.0,-2.8451534548183925,1.0,10.494198777426046,1.0
826,3.194506401367316,8.125832083471177,1.0,5,-12.197282196444112,1.0,10.762450221238938,1.0,3.5812268711818227,1.0,8.932950189879007,1.0,4.893186920980924,1.0
827,0.3577586762963625,6.101548233171782,1.0,5,1.141937721321593,1.0,2.2429285210707075,1.0,6.464785328626311,1.0,-11.316288472007031,1.0,3.2554302824702317,1.0
828,5.963136029449606,4.951224645907678,1.0,5,10.19159351823631,1.0,9.710741432689229,1.0,0.25706665428889686,1.0,10.096586171237867,1.0,-0.4403076292042716,1.0
829,-0.5618983755867315,9.02269530767029,1.0,5,10.127703186875355,1.0,-9.650995277243304,1.0,0.09903020679149854,1.0,8.48510631644778,1.0,-11.870336310804987,1.0
830,4.860529157579114,5.992815359953339,1.0,5,10.485350626847417,1.0,-6.589845119630651,1.0,6.45948995463383,1.0,8.606426828979465,1.0,5.341223497065509,1.0
831,7.896855353840499,1.2095918911977905,1.0,5,9.208695934905126,1.0,7.489457016307631,1.0,9.361475665001741,1.0,6.223794522211763,1.0,7.200853630776235,1.0
832,5.833427833187931,8.284059719280837,1.0,5,10.653075938566554,1.0,-10.686342625221764,1.0,9.379996910528918,1.0,9.14272952853598,1.0,10.677679413529965,1.0
833,5.5040899199430475,3.422761457002942,1.0,5,9.204096631507316,1.0,2.4815320015366886,1.0,5.849970579052286,1.0,9.18213514246334,1.0,0.802715245155607,1.0
834,9.814474457770041,0.38109481848722637,1.0,5,9.858508316645553,1.0,10.100965010340396,1.0,9.354945705824285,1.0,9.419268703272763,1.0,10.338684552767207,1.0
835,0.2624484801063069,6.693159479109951,1.0,5,10.741042900592285,1.0,-0.9203246243430119,1.0,-6.520669624964215,1.0,4.646331616095139,1.0,-6.634137866848663,1.0
836,6.948638435354239,4.6460886863160065,1.0,5,9.268854634628859,1.0,10.736956392231622,1.0,10.35480019398642,1.0,-1.7665679802459184,1.0,6.149148936170214,1.0
837,4.658670351893997,9.278839570671233,1.0,5,10.58483506462612,1.0,10.086387482382419,1.0,5.171571307168006,1.0,10.875,1.0,-13.42444209470656,1.0
838,6.072736854145009,3.510672504790528,1.0,5,0.07721401260721272,1.0,8.649956571175894,1.0,5.194011736035402,1.0,10.34626484294779,1.0,6.096237107958745,1.0
839,6.499411150148058,3.301943723832703,1.0,5,0.8475230714093698,1.0,8.356748746131682,1.0,9.468308741047545,1.0,9.144435584895906,1.0,4.680039607255784,1.0
840,5.777355548139515,5.793971478996701,1.0,5,8.223684879647418,1.0,9.399143623382743,1.0,6.298864413526081,1.0,-5.4787732058742,1.0,10.443858030015525,1.0
841,7.106247492760998,2.8419600976659773,1.0,5,8.441258546760924,1.0,5.7429215086988625,1.0,10.081596143663962,1.0,9.064025596358631,1.0,2.201435668322609,1.0
842,7.905148568451845,2.398595800848296,1.0,5,8.172649065296358,1.0,10.222389502309886,1.0,9.525768487895224,1.0,8.237237497666806,1.0,3.367698289090953,1.0
843,7.902305569853729,2.97121759637988,1.0,5,9.624696193265008,1.0,8.328140739826939,1.0,10.298958161299202,1.0,2.0999370889786855,1.0,9.159795665898814,1.0
844,0.34297170589512493,7.454448372039787,1.0,5,2.081883042394014,1.0,-12.390536854709948,1.0,5.70643188264357,1.0,-2.674828971290852,1.0,8.991909430438842,1.0
845,-9.261140869892458,17.451498448474155,0.6,5,9.379423150632427,1.0,-29.553590198616504,0.0,7.8429112795363345,1.0,-3.7285189662989247,1.0,-30.24592961471562,0.0
846,6.750933306085203,5.837551675595925,1.0,5,9.76589144020785,1.0,9.374078207531095,1.0,-4.918704640201712,1.0,9.915074638429752,1.0,9.618326884459028,1.0
847,2.4360639768418175,8.579303383705524,1.0,5,-2.6345452012038777,1.0,-12.141178410325878,1.0,8.115958656797254,1.0,9.452029510514224,1.0,9.388055328427365,1.0
848,6.40408960177773,2.2074718313146895,1.0,5,6.605058601214488,1.0,5.026191267947264,1.0,3.071292589817687,1.0,7.900891006131181,1.0,9.417014543778029,1.0
849,1.461085040669527,6.922284359188854,1.0,5,-7.098294155704119,1.0,5.2348232786885225,1.0,5.307501896637864,1.0,-6.34124456786339,1.0,10.202638751588758,1.0
850,5.681948037523595,5.125242442087529,1.0,5,6.803360013021386,1.0,10.308506030701754,1.0,-4.212778286305568,1.0,8.798049478930674,1.0,6.712602951269732,1.0
851,5.574082472105806,4.507136957781528,1.0,5,10.56244097523369,1.0,-2.381241395135385,1.0,9.145288445300098,1.0,4.7900628353572445,1.0,5.7538614997733815,1.0
852,4.521874124213565,7.449006206640732,1.0,5,10.70751997299426,1.0,-7.155997060643555,1.0,-1.5103948074240954,1.0,10.219604479949874,1.0,10.34863803619134,1.0
853,3.4124383775393583,7.639207052945314,1.0,5,-9.291470740214448,1.0,10.08727285660091,1.0,6.7578011921088725,1.0,10.714667300380228,1.0,-1.206078721178768,1.0
854,6.428652262399675,3.343274231544504,1.0,5,10.592265373846313,1.0,0.9385166822777045,1.0,5.272759200804747,1.0,9.082812239095606,1.0,6.256907815974003,1.0
855,2.73931296771491,6.422138266625065,1.0,5,-0.8141694059053695,1.0,10.85,1.0,5.5883455834384375,1.0,5.828309477336805,1.0,-7.755920816295321,1.0
856,-0.011959916493768218,13.27027675646087,0.8,5,7.0368877467240285,1.0,-1.3555142414699013,1.0,9.407346899871325,1.0,-25.264790349650358,0.0,10.116270362056065,1.0
857,3.962067443245077,5.645685881561793,1.0,5,10.75150710795202,1.0,8.995626322643659,1.0,-0.15597653325346705,1.0,-4.434317342722315,1.0,4.653497661605483,1.0
858,5.295809159749757,6.255236239219319,1.0,5,9.48605578471813,1.0,9.240150191479177,1.0,-6.94453542937589,1.0,5.887651446578832,1.0,8.809723805348533,1.0
859,4.632060629157847,4.6217051843607475,1.0,5,-3.3248080393609545,1.0,8.103458284693097,1.0,4.303054997155317,1.0,10.181001991116556,1.0,3.897595912185219,1.0
860,3.5787988100809613,5.9444289729453486,1.0,5,9.730521295993269,1.0,6.8680533002556015,1.0,7.566458240285843,1.0,0.17754028264662658,1.0,-6.448579068776533,1.0
861,0.7632352908226515,5.65230056692435,1.0,5,-0.0782156875091875,1.0,-3.8353897543527697,1.0,10.487479923228447,1.0,-5.51098722728838,1.0,2.753289200035148,1.0
862,3.5669414881452908,3.5717843583685425,1.0,5,8.811606220232585,1.0,4.202077241269589,1.0,1.414941202281705,1.0,-1.782568998752689,1.0,5.188651775695265,1.0
863,0.5538579498864689,7.689225352469811,1.0,5,3.4112706643864588,1.0,-7.996020991608647,1.0,9.501320367238463,1.0,6.957583654994307,1.0,-9.104863945578238,1.0
864,3.958061037022219,7.6686513010772765,1.0,5,8.419506824523038,1.0,10.477940028753338,1.0,10.728402225755167,1.0,-1.1608183156925875,1.0,-8.674725578227862,1.0
865,3.963490651520371,3.5765088162950374,1.0,5,7.050988479320886,1.0,-0.9709518777434614,1.0,0.9958314912809509,1.0,8.57062264285206,1.0,4.170962521891418,1.0
866,7.676148327573725,1.906527255831188,1.0,5,9.894854181951578,1.0,9.732069542123643,1.0,6.900370574814161,1.0,4.853886592588615,1.0,6.999560746390629,1.0
867,8.200657696539533,1.5302935947113157,1.0,5,6.2383740946782815,1.0,7.686620450988604,1.0,7.289410272887929,1.0,9.178194687764906,1.0,10.610688976377952,1.0
868,0.0709473103628941,13.159719564001934,0.8,5,8.222866185342697,1.0,8.912617433158838,1.0,2.0383543153161954,1.0,-25.805156932924938,0.0,6.986055550921678,1.0
869,3.283900641370164,6.200205353720133,1.0,5,8.010532734900966,1.0,7.37693125128135,1.0,-8.130045396023876,1.0,1.4605083422371976,1.0,7.7015762744551814,1.0
870,7.58295615445923,2.495525598878714,1.0,5,6.101976204294836,1.0,10.875,1.0,9.386346812885536,1.0,3.7357500722891563,1.0,7.8157076828266225,1.0
871,3.8607637591188384,10.556142647400872,1.0,5,9.42862655419839,1.0,7.095563816106736,1.0,-17.14230752261198,1.0,9.694768558951965,1.0,10.227167388949079,1.0
872,5.83634381743901,5.880582083242105,1.0,5,10.397215035931453,1.0,7.322032994923858,1.0,9.468287476745324,1.0,7.700437016865778,1.0,-5.706253437271366,1.0
873,2.599045391919607,14.693497885395193,0.8,5,8.516556774523085,1.0,10.316329875206737,1.0,10.825,1.0,-26.747470115553195,0.0,10.084810425421407,1.0
874,3.3145930036819173,3.216592674283438,1.0,5,-2.2997743498627035,1.0,4.104452296232249,1.0,7.135960776404147,1.0,5.3130510536606534,1.0,2.319275241975242,1.0
875,6.026893590289766,4.77259070407981,1.0,5,4.723235364587493,1.0,10.322409389175144,1.0,7.6445646681163915,1.0,10.066275877496237,1.0,-2.622017347926434,1.0
876,5.80043156938194,7.1727074485541475,1.0,5,10.875,1.0,9.466064170606966,1.0,9.857350712678171,1.0,7.138434616202424,1.0,-8.334691652577863,1.0
877,9.203516806275996,1.4613768361261061,1.0,5,8.729756018096177,1.0,6.538365497163781,1.0,10.460148619957536,1.0,10.147610992718878,1.0,10.141702903443619,1.0
878,8.451776632584275,1.0081462820882388,1.0,5,9.29396686729387,1.0,6.93744855136793,1.0,8.969356987374836,1.0,7.580507206588882,1.0,9.477603550295859,1.0
879,0.3430840215177732,14.280169747430124,0.8,5,10.312937915742793,1.0,10.297780617298624,1.0,9.55203495630462,1.0,-1.7349309835033786,1.0,-26.712402398253793,0.0
880,0.3158662684037356,6.856960427277829,1.0,5,1.52959594769702,1.0,-8.346871822317363,1.0,5.4840839355902125,1.0,9.495598786039455,1.0,-6.5830755049906475,1.0
881,5.237792525931871,5.289643398208437,1.0,5,10.875,1.0,0.11235221876535206,1.0,-2.314876604011056,1.0,8.650010564082121,1.0,8.86647645082294,1.0
882,6.184557445188414,5.487251435359691,1.0,5,7.003572726446809,1.0,9.415099920461323,1.0,10.369511931367601,1.0,-4.56689082253032,1.0,8.701493470196656,1.0
883,8.384514001488473,1.1428355629369054,1.0,5,7.252249193007128,1.0,9.229683663200268,1.0,10.206368038740921,1.0,7.480870645118559,1.0,7.753398467375494,1.0
884,3.933093271391028,6.679518741518423,1.0,5,5.7169593721495895,1.0,9.297313932687109,1.0,-7.809349964320846,1.0,10.85,1.0,1.610543016439287,1.0
885,-1.5752412523295345,9.542686771728523,1.0,5,-7.775175022363959,1.0,10.875,1.0,-13.835606893569722,1.0,-5.4072328298660555,1.0,8.266808484152063,1.0
886,2.3667492586363394,9.216974461819303,1.0,5,1.6707600128679427,1.0,4.033798086708733,1.0,10.230352073630517,1.0,-14.712291130612604,1.0,10.611127250587108,1.0
887,-0.2609827261443282,13.94471411226102,0.8,5,-5.181575288562437,1.0,10.610288144149742,1.0,8.214708163661044,1.0,-25.557047304255374,0.0,10.608712654285384,1.0
888,3.77275605409051,5.798200542420935,1.0,5,-4.464677830285604,1.0,10.323242254086033,1.0,1.405521915846844,1.0,10.464044034788639,1.0,1.1356498960166377,1.0
889,7.954669899843736,2.722757691635786,1.0,5,9.542164514809839,1.0,10.349599356992703,1.0,3.045492750738706,1.0,9.881221934544277,1.0,6.954870942133157,1.0
890,5.5111916640424905,5.712319206800852,1.0,5,9.342146469968387,1.0,10.267387108933283,1.0,5.466538102818916,1.0,-5.4445994841362975,1.0,7.9244861226281635,1.0
891,1.1803172510964646,7.924341003879154,1.0,5,-0.7665100513916734,1.0,9.342167365781123,1.0,4.8004661181927455,1.0,5.804722531965507,1.0,-13.279259709065377,1.0
892,7.573915880446277,2.335804352789745,1.0,5,7.319993002099371,1.0,10.439781662906864,1.0,9.164830009188693,1.0,7.426871535181236,1.0,3.5181031928552287,1.0
893,-0.7600542155477303,5.888413987283234,1.0,5,-3.820587838796646,1.0,10.176600139706617,1.0,0.4476564593003314,1.0,-6.2166448050985625,1.0,-4.387295032850391,1.0
894,7.999313870485525,2.281342554693566,1.0,5,8.845315308129953,1.0,10.875,1.0,3.9024265902497692,1.0,8.488954545454545,1.0,7.884872908593362,1.0
895,9.373404204661014,0.7469623892982037,1.0,5,8.90441105653472,1.0,9.938962371004278,1.0,9.061657865014194,1.0,8.449099482647123,1.0,10.512890248104755,1.0
896,4.738621854628322,3.0633824502922518,1.0,5,8.13200841685586,1.0,6.674800418821318,1.0,5.857186683676569,1.0,-0.678309187478817,1.0,3.7074229412666773,1.0
897,3.936150393607331,3.1294104483679135,1.0,5,7.327248461174243,1.0,4.551565003801392,1.0,0.6234155654484344,1.0,7.185988566563278,1.0,-0.0074656289506940254,1.0
898,2.990555589000981,8.486744916085254,1.0,5,9.536417848868577,1.0,8.528121163597543,1.0,5.0386203301773955,1.0,5.479052880440027,1.0,-13.629434278078637,1.0
899,8.490117132836525,1.7291013080031654,1.0,5,10.632278199754168,1.0,8.465951985379633,1.0,8.545847537454023,1.0,9.402487540409483,1.0,5.404020401185318,1.0
900,3.2744494376519926,6.008474767467753,1.0,5,6.746955990220048,1.0,5.331862055405051,1.0,-8.590005159426273,1.0,5.1399598202247185,1.0,7.743474481836417,1.0
901,0.7465250130048876,7.852972732071741,1.0,5,9.711991616534995,1.0,9.386795625204048,1.0,-1.4223998479209161,1.0,-10.80986325732126,1.0,-3.1338990714724275,1.0
902,-0.9897768190137881,12.751713600449872,0.8,5,0.19340067990419207,1.0,9.765445549242425,1.0,9.888554199092686,1.0,0.1978212122082219,1.0,-24.994105735516467,0.0
903,7.098713690441815,2.5722870410209495,1.0,5,5.7632482608473765,1.0,3.010953744731437,1.0,10.325167617376042,1.0,9.137085180159806,1.0,7.257113649094418,1.0
904,6.692241850851827,5.230647589132922,1.0,5,9.149329775436652,1.0,9.569682934451418,1.0,9.867612732095491,1.0,8.609376013321064,1.0,-3.7347922010454866,1.0
905,-2.6179948374408997,14.506087394422114,0.8,5,-29.890729122020378,0.0,10.875,1.0,0.14061591030432652,1.0,8.27436011904762,1.0,-2.4892210945360667,1.0
906,2.614151260344963,8.741752439685222,1.0,5,8.151701344836336,1.0,10.609170954831331,1.0,-2.6568282736746767,1.0,-12.137289223749125,1.0,9.10400149948095,1.0
907,7.870179445106329,3.100295274336343,1.0,5,2.178417066277113,1.0,10.591403796788253,1.0,10.728672672020839,1.0,8.12704064149133,1.0,7.725363048954112,1.0
908,5.516995498037802,5.59915332350363,1.0,5,-0.48579656862745146,1.0,8.861077981651375,1.0,10.875,1.0,10.37962945023008,1.0,-2.044933373064996,1.0
909,6.9284204696394855,3.0082992989997686,1.0,5,8.29716236345581,1.0,0.9659767305436073,1.0,8.616365074101473,1.0,7.7671883146067415,1.0,8.99540986548979,1.0
910,5.739514217007946,6.632774069951639,1.0,5,6.732473288742182,1.0,-7.302439178146162,1.0,9.376964453358369,1.0,10.320694071676666,1.0,9.569878449408671,1.0
911,5.647545441042188,4.202651167233465,1.0,5,8.215948070311633,1.0,7.0545681763222445,1.0,6.8754439759805805,1.0,-2.641380987782016,1.0,8.733147970378496,1.0
912,6.870623557130463,1.298400401595908,1.0,5,6.02074818150329,1.0,9.130169695385018,1.0,5.787597925150284,1.0,7.536483742806229,1.0,5.878118240807499,1.0
913,2.757784062209722,5.131514200661725,1.0,5,5.898695381006461,1.0,3.446888262511303,1.0,-1.6964922782588125,1.0,-4.0464951886809875,1.0,10.186324134470647,1.0
914,8.33285109242345,4.133237714234376,1.0,5,0.0813530918665073,1.0,10.13052265505767,1.0,10.607926417056682,1.0,10.112001291155584,1.0,10.732452006980802,1.0
915,5.869564468175649,2.058547199769026,1.0,5,3.970445834838218,1.0,7.597415315671543,1.0,3.2672121439524924,1.0,8.666559060216446,1.0,5.8461899861995485,1.0
916,6.597677334961267,4.757487216787539,1.0,5,10.347083862770013,1.0,-2.7523248526604114,1.0,7.8967471989581695,1.0,9.360276923743125,1.0,8.136603541995441,1.0
917,6.433921405257917,7.177130273742081,1.0,5,10.128454268065788,1.0,9.285891096394408,1.0,10.517516781270464,1.0,-7.8977080768170485,1.0,10.135452957375971,1.0
918,2.3667479567100806,5.684476777620939,1.0,5,0.6156775563156014,1.0,10.72907916841663,1.0,-4.094382907033424,1.0,-2.5463987028326276,1.0,7.1297646686842215,1.0
919,-0.3644377143470818,13.88766300953541,0.8,5,5.105749357411192,1.0,-28.016399661472594,0.0,8.08412425952703,1.0,5.069827038074333,1.0,7.93451043472463,1.0
920,5.2107141680990905,4.910589962250358,1.0,5,-3.315400678264151,1.0,10.318862755356847,1.0,4.190542312276522,1.0,5.0960772731250525,1.0,9.763489178001183,1.0
921,8.145967171973314,2.3243355502608334,1.0,5,9.22355096851395,1.0,10.227144806780634,1.0,10.334922413193237,1.0,6.574295233661177,1.0,4.36992243771757,1.0
922,6.6115479840540745,2.547944780771714,1.0,5,8.386873139764804,1.0,3.913414242267744,1.0,3.3484093363734564,1.0,9.848911607958044,1.0,7.560131593906322,1.0
923,-0.36021135142811256,7.489413475188151,1.0,5,-10.6858172873466,1.0,-6.620508965127774,1.0,3.749902711116876,1.0,10.345983269336259,1.0,1.4093835148806768,1.0
924,7.082344265888288,4.7079702742162866,1.0,5,10.272122109873123,1.0,10.323172280626475,1.0,7.675986920332935,1.0,-2.1361284908700355,1.0,9.276568509478944,1.0
925,2.7197743736945474,3.5012340850012706,1.0,5,5.692573723691803,1.0,-2.4257935795822814,1.0,7.377170827539015,1.0,0.7026167394760829,1.0,2.252304157348118,1.0
926,5.387372727446977,3.5031958248976633,1.0,5,6.670876803194229,1.0,4.100593674312579,1.0,6.54266554793281,1.0,-0.48299393784153644,1.0,10.105721549636804,1.0
927,1.1878433942240307,7.825091271639601,1.0,5,5.062020486985726,1.0,7.955525013027618,1.0,-4.247893078189774,1.0,8.640885372415747,1.0,-11.471320823119164,1.0
928,5.787380454972923,3.131994226656187,1.0,5,9.273769841269841,1.0,9.090191677058796,1.0,4.109094124487222,1.0,0.9840244223553452,1.0,5.4798222096934115,1.0
929,4.255244798703742,6.005670504782022,1.0,5,9.452855888834932,1.0,-7.422302697302694,1.0,5.730724230689645,1.0,5.694275247102792,1.0,7.820671324194034,1.0
930,2.5572355454015097,7.502681124305066,1.0,5,3.6077353885945502,1.0,7.034801852021079,1.0,-11.537125417492724,1.0,3.307872799825078,1.0,10.372893104059564,1.0
931,-2.090346362627065,6.733489383291716,1.0,5,5.460102311944539,1.0,-14.308257219538378,1.0,-1.1468624845488247,1.0,-2.7372022083231418,1.0,2.2804877873304807,1.0
932,6.269384694570652,3.9312962032821503,1.0,5,5.312910784980207,1.0,4.4874109326300635,1.0,10.735427281845537,1.0,0.3189700959102453,1.0,10.492204377487209,1.0
933,-4.972952357211089,13.567004575111664,0.8,5,-27.64935326523587,0.0,1.9367815282232694,1.0,-12.402032249968633,1.0,10.756622908622909,1.0,2.493219292302883,1.0
934,7.324272954875605,3.892951280180096,1.0,5,6.435802545983764,1.0,9.279517742599893,1.0,0.09972832296559808,1.0,10.332893870835047,1.0,10.473422291993721,1.0
935,6.932702170309398,3.494077687219419,1.0,5,10.375230395727119,1.0,8.00251670868852,1.0,4.467462991681939,1.0,1.4440260826881417,1.0,10.37427467276127,1.0
936,6.172577398293488,3.444100185333509,1.0,5,8.946537979812865,1.0,6.741693333333333,1.0,-0.30950577163941695,1.0,9.216240921641878,1.0,6.267920528318783,1.0
937,7.402210565329514,3.2888309312443726,1.0,5,1.5151484498160777,1.0,10.466888577025406,1.0,8.952807821896192,1.0,9.88461692686935,1.0,6.191591051040548,1.0
938,5.98823551603123,4.652808664110817,1.0,5,7.592270589197702,1.0,4.703930059691409,1.0,9.598886561879263,1.0,10.47517763262705,1.0,-2.429087263239275,1.0
939,7.159521305211541,3.349713343723641,1.0,5,8.641687125369355,1.0,6.601476123388775,1.0,9.90816053743334,1.0,9.755695222956579,1.0,0.8905875169096635,1.0
940,5.523152312074141,4.311959941469112,1.0,5,10.730262182694089,1.0,-1.7479616581137485,1.0,3.4835256230445584,1.0,8.023259607279995,1.0,7.126675805465816,1.0
941,1.7966725848974512,9.51010293357717,1.0,5,10.532417907872794,1.0,-16.707354633693278,1.0,3.9945874026455677,1.0,5.504522466772345,1.0,5.659189780889828,1.0
942,4.899611041272719,3.8235728674980893,1.0,5,8.950802008928571,1.0,7.367724914408098,1.0,7.622698758131283,1.0,-0.20568037778908455,1.0,0.7625099026847266,1.0
943,-13.403232886396534,21.570169450231795,0.6,5,-38.4487645487983,0.0,7.417653764875988,1.0,7.472769083741488,1.0,-3.139508863188727,1.0,-40.318313868613124,0.0
944,6.534264201864457,3.406260399861336,1.0,5,6.654710125719479,1.0,0.40059243065013206,1.0,6.212130470459517,1.0,10.02167223814072,1.0,9.382215744352433,1.0
945,8.180199568158574,2.5985105019821897,1.0,5,8.382437817943128,1.0,3.201931685825695,1.0,9.783745558243005,1.0,10.583003314001658,1.0,8.949879464779388,1.0
946,0.8364530818337009,5.7474629239787625,1.0,5,-3.2093256754273103,1.0,-5.691452197323946,1.0,9.244770456232514,1.0,-2.151525067007247,1.0,5.989797892694494,1.0
947,0.2888444944440245,16.455706956969745,0.8,5,9.637482006212592,1.0,9.020369236831735,1.0,6.820367470003499,1.0,-32.56920715388969,0.0,8.535210913061988,1.0
948,2.6195512080312104,8.97735075596708,1.0,5,9.97498665179105,1.0,6.436310615989515,1.0,-0.8238766975819836,1.0,-13.33966453004253,1.0,10.85,1.0
949,-0.9709120221071311,13.198836517247232,0.8,5,10.875,1.0,-26.160019366486143,0.0,-1.2863224938829667,1.0,7.052423269502732,1.0,4.664358480330722,1.0
950,8.676426622160179,2.0431165744000266,1.0,5,10.585658471166742,1.0,9.71665629487793,1.0,7.404061294627352,1.0,5.27671245189742,1.0,10.39904459823145,1.0
951,5.994773072631881,4.251883203866127,1.0,5,2.3576418342593337,1.0,7.932258425708207,1.0,9.871908742820676,1.0,10.197864764555788,1.0,-0.3858084041846013,1.0
952,3.87436226399196,4.754932313926301,1.0,5,-3.620817696322371,1.0,10.740654813529922,1.0,3.268973609080149,1.0,2.418459485599656,1.0,6.564541108072444,1.0
953,7.336147738134967,3.070411464393168,1.0,5,1.488566566598708,1.0,7.553936677339024,1.0,8.770697968778252,1.0,10.443108407533543,1.0,8.424429070425306,1.0
954,7.636937100742648,2.280491926654726,1.0,5,9.596165535181779,1.0,9.564300931039925,1.0,7.7931907499346735,1.0,7.879713008748574,1.0,3.351315278808287,1.0
955,6.780549041547883,4.455384347567953,1.0,5,10.755601398601398,1.0,9.41184730026875,1.0,-1.232082639893049,1.0,5.10289170655971,1.0,9.864487442202606,1.0
956,0.1657227880109989,8.414200803870743,1.0,5,10.149973096026491,1.0,-8.56708463525815,1.0,7.692615380901806,1.0,2.213285475052947,1.0,-10.6601753766681,1.0
957,-0.4563948851033473,13.158276824665913,0.8,5,-3.394990741534512,1.0,6.805597219344889,1.0,10.536460238293156,1.0,8.710947152852835,1.0,-24.939988294473103,0.0
958,6.296876258543286,5.46386385353136,1.0,5,10.390490870153291,1.0,10.052189786704032,1.0,4.167958931682481,1.0,10.419614937759336,1.0,-3.545873233582711,1.0
959,5.68209955239234,3.3341999145140395,1.0,5,7.825768613361871,1.0,6.361346398910224,1.0,4.399463916192447,1.0,0.02849926046819995,1.0,9.795419573028958,1.0
960,6.391323941084098,4.292191044780258,1.0,5,9.169742972742759,1.0,9.708893368113191,1.0,7.806237161897295,1.0,-2.010622307241581,1.0,7.282368509908832,1.0
961,8.816306171139626,1.4681669054060558,1.0,5,6.183087795908987,1.0,8.285831263407474,1.0,10.100633695927145,1.0,9.48504380314352,1.0,10.02693429731101,1.0
962,6.477514163259784,6.366377657646899,1.0,5,9.633149942888789,1.0,10.10383522004579,1.0,9.073372256718368,1.0,9.814670339595375,1.0,-6.237456942949406,1.0
963,-1.6224309858124044,9.927561272030411,1.0,5,5.095947420634922,1.0,4.015774430679073,1.0,-7.5014192214458895,1.0,-18.283491449144925,1.0,8.561033890214798,1.0
964,8.945145430120538,0.586731081402521,1.0,5,8.488515349773529,1.0,10.078128448415173,1.0,8.92627358009585,1.0,8.537005823867363,1.0,8.69580394845078,1.0
965,8.3464325347683,2.8893965181521972,1.0,5,3.414728609282845,1.0,6.665567675943859,1.0,10.605900404676259,1.0,10.612738416988417,1.0,10.433227566950121,1.0
966,-0.6297624037194588,4.076712902263036,1.0,5,-4.240747663551403,1.0,-0.5848350528278452,1.0,1.8031728824528717,1.0,-5.697717481431823,1.0,5.571315296760906,1.0
967,0.21300539104722915,13.00219495619169,0.8,5,-1.1638023157096171,1.0,9.283479206306062,1.0,8.881637682677702,1.0,8.646739329667453,1.0,-24.583026947705452,0.0
968,6.644828972271031,2.7112479202192157,1.0,5,7.452143990742273,1.0,9.117347596568703,1.0,9.29478225700669,1.0,5.320938498131158,1.0,2.038932518906339,1.0
969,-0.6646829056326989,9.048973010381586,1.0,5,-10.600458285237123,1.0,-0.35648568655992463,1.0,-11.106725989262268,1.0,9.664943413837358,1.0,9.075312019058462,1.0
970,8.668608265878229,2.7419073609726956,1.0,5,10.467447944474106,1.0,10.367999951619536,1.0,3.3622800358171787,1.0,10.487751548157583,1.0,8.657561849322736,1.0
971,6.986722117044129,1.9596573445418757,1.0,5,4.782809583765366,1.0,8.350627359809817,1.0,4.901247321658145,1.0,7.0610488243486245,1.0,9.83787749563869,1.0
972,10.170694179683535,0.2954691162113206,1.0,5,9.851579497051114,1.0,10.11912483707073,1.0,10.067174773348682,1.0,10.0846351764379,1.0,10.730956614509246,1.0
973,-1.0645920130963897,13.822168372969646,0.8,5,4.387351918025415,1.0,8.580547981823042,1.0,0.983409323081883,1.0,-28.094355327539606,0.0,8.820086039127318,1.0
974,8.587146940481912,1.5081513549463323,1.0,5,9.019590603788336,1.0,10.200912212127614,1.0,9.202735238545111,1.0,5.729843157304483,1.0,8.782653490644023,1.0
975,5.444290321468102,6.008399005639666,1.0,5,10.631249624511867,1.0,4.469496260448747,1.0,9.030049372064038,1.0,8.940868830727945,1.0,-5.8502124804120825,1.0
976,6.085324781463907,3.929470887466203,1.0,5,9.731396327046792,1.0,5.061831051810779,1.0,6.431011360829835,1.0,10.002004290204741,1.0,-0.799619122572615,1.0
977,6.369000685177413,5.646124063750664,1.0,5,10.086863485661551,1.0,9.51740314577287,1.0,8.851260260561789,1.0,8.244531086212119,1.0,-4.855054552321262,1.0
978,4.861464279390863,6.0418441791634265,1.0,5,10.593398529261567,1.0,7.420697745692296,1.0,7.550991083441653,1.0,-6.776780131114473,1.0,5.5190141696732695,1.0
979,8.111180355505038,1.464679006462619,1.0,5,5.452772574659835,1.0,9.587447494852437,1.0,8.964528012065017,1.0,8.86620013208057,1.0,7.6849535638673245,1.0
980,6.708717435050472,3.1586798671484346,1.0,5,3.724336687264177,1.0,7.9750396062012,1.0,9.786669726235134,1.0,9.835195834003539,1.0,2.2223453215483113,1.0
981,4.8241469201221765,8.470269129166347,1.0,5,10.329707480528889,1.0,10.300235589061556,1.0,4.361328825286992,1.0,10.584972879282217,1.0,-11.455510173548772,1.0
982,4.899300084827749,3.851712159187622,1.0,5,10.342507846100197,1.0,1.0364239128621673,1.0,8.109073896070777,1.0,0.5227193201133176,1.0,4.485775448992281,1.0
983,5.998631580126321,5.386683733189092,1.0,5,10.560661472203044,1.0,-4.108497569036199,1.0,6.403474702651584,1.0,10.659287967552952,1.0,6.478231327260221,1.0
984,3.826962085214646,5.5298308416549755,1.0,5,-6.408816962255573,1.0,7.836977908368702,1.0,2.333854571487014,1.0,7.79569817050217,1.0,7.577096737970917,1.0
985,5.510373287303883,4.518237438454189,1.0,5,10.729382269438593,1.0,9.815915981552035,1.0,-1.7731973992752028,1.0,4.996181093126905,1.0,3.783584491677086,1.0
986,1.511019280111403,13.989172901711317,0.8,5,9.866277203781049,1.0,3.9371556653527984,1.0,10.322226022891725,1.0,9.508199967755804,1.0,-26.078762459224354,0.0
987,3.608479050427505,3.8541525697242873,1.0,5,1.3217021238875297,1.0,9.113697307906378,1.0,2.6860352407289234,1.0,6.658633365179018,1.0,-1.7376727855643246,1.0
988,-4.923371925929745,7.536091151745327,1.0,5,-14.891521276176181,1.0,-10.114539084454957,1.0,3.9750187020145704,1.0,-7.2183204487328485,1.0,3.6325024777006947,1.0
989,7.074199159117723,3.9697052689487626,1.0,5,9.718767720348684,1.0,5.548228061997437,1.0,9.410620784148398,1.0,10.733851412944395,1.0,-0.040472183850308596,1.0
990,0.1609177077591589,13.83430019283466,1.0,5,-24.893008826673103,1.0,-4.932471811392592,1.0,9.752081880913423,1.0,10.31787948954085,1.0,10.560107806407217,1.0
991,0.38755228132402203,10.824816906319578,0.6,5,-12.849318123884782,0.0,9.315562572785094,1.0,10.018197178234917,1.0,8.31082687676683,1.0,-12.85750709728195,0.0
992,8.765294383659782,2.2979075789902073,1.0,5,4.495864369596075,1.0,10.68182239570627,1.0,10.31836228097141,1.0,10.105662591249049,1.0,8.224760280776108,1.0
993,5.1210501012738465,4.903717092020786,1.0,5,5.960224111921638,1.0,5.8958947572352525,1.0,-4.196932956588748,1.0,10.074682739282514,1.0,7.871381854518575,1.0
994,8.14711244520177,1.5354759228497066,1.0,5,7.550762861054965,1.0,7.520613060861839,1.0,10.875,1.0,6.2841076369673505,1.0,8.5050786671247,1.0
995,1.6512637703823838,14.841185784655558,0.8,5,8.745788273178585,1.0,9.522335187620108,1.0,7.202511300043048,1.0,-27.94276180580709,0.0,10.72844589687727,1.0
996,8.03689882656482,1.7788807336543857,1.0,5,4.747539238283394,1.0,7.965074474222478,1.0,9.10207983986706,1.0,9.96803909401179,1.0,8.401761486439378,1.0
997,7.670729958722925,3.685905957545135,1.0,5,7.888548374613003,1.0,0.5334868089566047,1.0,10.098568907875185,1.0,9.223610300917692,1.0,10.609435401252133,1.0
998,5.212610899371322,4.259133114788963,1.0,5,7.117035596187513,1.0,-2.7996349396184588,1.0,4.678715473771353,1.0,8.015340903576455,1.0,9.051597462939744,1.0
999,2.5625040385730493,7.459657655340494,1.0,5,8.949104762542701,1.0,-11.5292136073418,1.0,8.510311365462961,1.0,4.4277707533611075,1.0,2.4545469188402773,1.0
1000,8.886658171802692,1.5330302001107177,1.0,5,6.342615419546899,1.0,9.43301341424465,1.0,10.050158929318277,1.0,10.584099667490834,1.0,8.023403428412797,1.0
